# xMin xMax yMin yMax zMin zMax
# 地图自动生成. 沙盘尺寸: 2109.9x1693.8 米
15.07 48.97 530.91 582.82 0.0 10.5
320.99 365.17 1576.96 1599.76 0.0 28.0
161.87 221.34 1581.37 1603.14 0.0 17.5
134.7 169.84 1265.08 1288.13 0.0 38.5
30.64 94.09 781.92 809.4 0.0 3.5
262.82 280.93 1300.94 1340.75 0.0 35.0
331.75 353.86 397.49 407.34 0.0 7.0
364.79 375.12 383.45 396.86 0.0 38.5
536.14 596.3 49.26 69.28 0.0 31.5
311.42 321.53 382.99 395.38 0.0 31.5
330.63 362.3 17.23 31.9 0.0 10.5
724.23 779.42 1115.18 1148.75 0.0 38.5
733.45 813.21 350.94 396.93 0.0 17.5
682.36 726.15 273.52 344.8 0.0 42.0
660.74 683.32 296.54 312.59 0.0 21.0
601.28 638.44 277.98 330.56 0.0 42.0
57.64 91.25 487.94 578.49 0.0 21.0
32.92 49.92 366.67 396.45 0.0 38.5
15.38 78.23 614.55 657.08 0.0 31.5
8.47 63.48 724.95 763.82 0.0 42.0
552.21 587.44 466.53 528.09 0.0 14.0
503.87 522.64 492.51 530.52 0.0 21.0
517.09 563.15 496.05 521.96 0.0 10.5
501.18 563.35 428.28 472.68 0.0 31.5
554.74 579.39 419.58 453.38 0.0 14.0
501.49 554.7 471.85 494.97 0.0 28.0
577.38 586.46 486.99 501.47 0.0 28.0
518.29 559.91 518.49 540.85 0.0 24.5
521.51 550.41 532.48 549.79 0.0 35.0
551.69 584.28 524.28 542.4 0.0 38.5
605.51 659.1 419.27 431.85 0.0 35.0
605.1 664.38 437.03 451.29 0.0 14.0
624.15 668.9 510.89 533.67 0.0 24.5
647.81 679.55 459.68 505.64 0.0 42.0
396.05 490.54 563.75 611.92 0.0 38.5
411.17 441.95 602.18 624.5 0.0 21.0
439.57 465.03 592.37 611.71 0.0 21.0
382.05 403.79 607.69 639.74 0.0 31.5
384.7 406.51 567.25 596.83 0.0 31.5
419.18 438.98 552.66 582.2 0.0 24.5
378.8 473.38 523.84 570.3 0.0 28.0
266.94 288.14 1161.94 1226.39 0.0 35.0
351.23 371.67 1512.27 1574.5 0.0 14.0
625.59 641.09 897.96 931.91 0.0 21.0
635.42 649.37 934.12 986.35 0.0 42.0
645.41 658.47 989.65 1042.31 0.0 28.0
648.49 665.4 1046.64 1116.52 0.0 17.5
24.8 54.85 77.17 130.37 0.0 14.0
836.01 853.03 606.01 617.52 0.0 10.5
832.86 853.9 625.01 644.86 0.0 28.0
772.41 835.79 106.89 121.58 0.0 10.5
770.04 835.27 126.01 170.93 0.0 42.0
767.52 800.27 174.97 232.91 0.0 35.0
754.68 772.98 1482.19 1493.21 0.0 35.0
794.53 829.24 1479.68 1524.5 0.0 38.5
762.58 771.29 1518.43 1545.67 0.0 14.0
736.3 763.64 1548.86 1569.16 0.0 14.0
776.32 783.42 1256.54 1268.67 0.0 38.5
693.08 710.37 1230.54 1236.38 0.0 21.0
693.37 700.35 1257.62 1261.97 0.0 17.5
695.88 701.15 1262.89 1276.85 0.0 38.5
696.46 709.05 1279.73 1285.34 0.0 42.0
700.63 711.86 1357.87 1374.01 0.0 10.5
699.78 714.32 1342.81 1347.39 0.0 28.0
700.23 713.06 1350.02 1355.75 0.0 21.0
698.4 704.47 1335.49 1340.41 0.0 14.0
699.03 702.81 1316.31 1326.03 0.0 28.0
698.69 707.74 1305.89 1314.81 0.0 42.0
705.67 723.53 1298.67 1304.28 0.0 14.0
696.4 702.47 1287.45 1303.14 0.0 28.0
699.72 708.42 1327.64 1332.68 0.0 14.0
568.38 590.42 1334.8 1340.8 0.0 24.5
572.57 588.29 1323.17 1329.9 0.0 24.5
607.88 618.7 1336.25 1347.21 0.0 14.0
592.75 602.38 1335.56 1342.87 0.0 31.5
624.65 633.97 1337.68 1344.85 0.0 42.0
636.3 645.65 1290.67 1311.41 0.0 21.0
585.15 595.67 1288.17 1307.64 0.0 10.5
694.28 721.53 1215.26 1228.31 0.0 31.5
655.23 673.34 1166.14 1209.75 0.0 35.0
687.58 715.75 1156.81 1168.83 0.0 21.0
680.28 720.9 1060.53 1085.36 0.0 35.0
680.18 718.23 1088.51 1101.24 0.0 31.5
679.68 719.99 1001.76 1026.95 0.0 21.0
679.89 717.28 1027.89 1042.7 0.0 28.0
812.96 845.03 1078.83 1100.81 0.0 35.0
811.65 842.56 1065.6 1074.53 0.0 28.0
730.98 783.88 976.8 1058.1 0.0 31.5
744.95 761.66 1208.1 1221.38 0.0 28.0
807.13 840.22 1143.4 1167.45 0.0 42.0
769.09 780.27 1175.75 1181.85 0.0 35.0
769.1 779.61 1184.77 1191.88 0.0 21.0
774.61 782.51 1286.42 1306.91 0.0 42.0
802.43 838.74 1266.6 1279.87 0.0 14.0
327.86 350.06 1467.61 1480.9 0.0 38.5
326.13 352.2 1432.95 1454.46 0.0 28.0
272.05 316.22 1414.92 1491.42 0.0 14.0
275.62 311.48 1511.44 1526.11 0.0 38.5
274.15 310.57 1544.39 1560.82 0.0 38.5
314.92 347.09 1559.06 1573.79 0.0 38.5
310.57 353.16 1528.3 1546.85 0.0 21.0
270.23 315.59 1572.72 1597.29 0.0 42.0
268.55 365.36 1601.94 1652.92 0.0 28.0
74.99 114.31 579.39 607.51 0.0 3.5
14.35 65.6 595.16 615.01 0.0 3.5
99.31 132.71 795.3 808.61 0.0 3.5
70.72 101.18 673.12 716.87 0.0 7.0
175.5 197.6 804.47 821.76 0.0 3.5
151.91 174.7 786.15 826.57 0.0 3.5
144.54 184.81 758.98 795.58 0.0 7.0
192.28 239.95 722.76 761.4 0.0 7.0
32.14 62.93 1013.67 1051.34 0.0 10.5
23.32 92.25 1094.28 1124.28 0.0 7.0
119.83 157.19 1181.37 1199.44 0.0 3.5
110.57 151.68 1116.84 1146.39 0.0 3.5
114.0 153.52 1146.36 1161.24 0.0 3.5
105.51 148.36 1075.0 1104.56 0.0 3.5
109.65 149.73 1103.67 1119.59 0.0 3.5
176.53 233.55 818.21 928.02 0.0 3.5
163.48 240.08 827.95 943.6 0.0 3.5
27.29 99.61 808.62 847.15 0.0 17.5
143.45 169.06 870.86 934.33 0.0 3.5
149.7 218.85 984.61 1100.79 0.0 7.0
104.05 143.08 1061.84 1076.97 0.0 3.5
100.25 142.59 1033.19 1062.95 0.0 3.5
99.16 140.18 1020.07 1036.3 0.0 3.5
93.74 137.6 973.36 1020.08 0.0 7.0
59.16 80.91 990.19 1010.23 0.0 3.5
14.47 59.55 992.73 1010.61 0.0 3.5
224.17 280.38 975.31 992.14 0.0 3.5
225.42 234.58 993.13 1013.22 0.0 3.5
238.76 266.07 1099.79 1161.04 0.0 7.0
233.44 249.01 1276.23 1308.64 0.0 7.0
255.57 280.31 1265.55 1290.94 0.0 14.0
248.78 278.67 1244.39 1258.94 0.0 3.5
161.74 243.02 1177.63 1271.1 0.0 42.0
215.46 276.84 1340.7 1361.53 0.0 3.5
97.75 113.49 1319.4 1355.98 0.0 3.5
52.06 91.22 1313.21 1337.37 0.0 3.5
32.1 94.62 1340.02 1358.67 0.0 3.5
26.25 46.49 1187.13 1203.3 0.0 10.5
30.53 47.24 1204.32 1259.05 0.0 17.5
25.84 56.41 1270.73 1324.43 0.0 7.0
27.99 46.81 1134.55 1183.98 0.0 3.5
342.31 355.24 272.74 287.12 0.0 35.0
812.07 850.26 949.79 1002.41 0.0 10.5
813.53 837.85 963.86 977.09 0.0 21.0
790.16 822.01 1626.06 1693.82 0.0 35.0
788.48 821.42 1585.1 1601.74 0.0 17.5
788.71 821.05 1541.26 1579.6 0.0 38.5
705.41 734.3 1547.97 1568.67 0.0 31.5
705.41 733.62 1570.48 1590.27 0.0 14.0
724.36 760.96 552.04 571.69 0.0 31.5
787.9 814.5 586.15 785.23 0.0 21.0
739.22 790.75 417.49 448.84 0.0 17.5
658.84 684.58 399.91 437.75 0.0 42.0
325.54 337.39 332.81 342.01 0.0 35.0
339.69 357.87 332.16 346.52 0.0 10.5
360.85 372.09 332.61 341.58 0.0 31.5
359.84 369.81 347.5 364.94 0.0 38.5
325.91 336.41 348.17 364.56 0.0 21.0
328.03 368.9 311.78 329.36 0.0 7.0
310.64 318.81 334.39 369.87 0.0 10.5
375.15 383.64 335.76 370.08 0.0 38.5
282.17 331.87 381.8 404.08 0.0 31.5
353.77 402.81 388.82 405.5 0.0 10.5
0.0 2109.92 0.0 774.08 0.0 0.5
709.0 749.38 1593.25 1609.26 0.0 17.5
747.15 769.67 1580.92 1590.16 0.0 17.5
724.12 736.41 1198.84 1206.01 0.0 10.5
724.09 736.49 1186.51 1194.74 0.0 35.0
724.45 736.46 1175.29 1183.59 0.0 28.0
724.68 736.71 1164.11 1171.82 0.0 14.0
724.45 740.39 1153.78 1162.35 0.0 17.5
742.13 760.27 1157.51 1165.28 0.0 35.0
724.1 736.44 1210.37 1217.71 0.0 31.5
722.75 736.36 1222.31 1230.73 0.0 10.5
722.45 741.05 1236.44 1244.32 0.0 28.0
742.87 781.03 1192.47 1242.1 0.0 14.0
638.64 646.52 824.12 847.61 0.0 38.5
661.76 689.11 1610.99 1621.31 0.0 17.5
803.67 827.2 419.32 545.75 0.0 10.5
822.26 851.63 915.89 950.2 0.0 28.0
829.19 848.67 891.8 899.79 0.0 38.5
848.9 860.29 754.04 789.54 0.0 42.0
838.82 850.2 755.41 761.81 0.0 38.5
824.92 858.32 740.47 750.58 0.0 42.0
831.46 858.45 635.45 662.94 0.0 14.0
835.44 844.61 665.36 670.62 0.0 42.0
847.94 859.05 665.48 670.83 0.0 14.0
830.0 864.03 671.89 693.19 0.0 21.0
836.99 852.67 595.09 603.0 0.0 35.0
837.67 850.39 549.0 593.54 0.0 17.5
849.61 865.75 573.76 590.94 0.0 24.5
850.13 883.22 355.55 407.2 0.0 17.5
823.98 831.59 1393.66 1405.27 0.0 28.0
825.99 832.57 1357.92 1369.5 0.0 21.0
795.77 804.34 1392.85 1404.56 0.0 42.0
807.77 820.98 1382.42 1391.75 0.0 28.0
797.59 803.29 1377.02 1385.33 0.0 31.5
810.21 821.05 1353.84 1361.6 0.0 14.0
804.58 814.38 1175.1 1204.0 0.0 35.0
815.19 832.8 1202.46 1211.4 0.0 10.5
830.68 842.46 1185.87 1199.15 0.0 28.0
815.65 832.95 1177.75 1188.49 0.0 28.0
812.64 844.68 1213.12 1221.05 0.0 42.0
807.84 839.65 1223.69 1229.99 0.0 38.5
807.74 842.85 1244.46 1255.98 0.0 14.0
815.72 822.76 1231.32 1243.19 0.0 17.5
837.05 843.76 1231.23 1242.77 0.0 31.5
804.88 827.37 1257.23 1264.3 0.0 24.5
833.59 842.06 1257.75 1262.82 0.0 28.0
801.32 836.62 1277.93 1293.61 0.0 35.0
799.74 815.25 1291.4 1310.51 0.0 42.0
820.17 835.98 1292.64 1311.27 0.0 38.5
799.45 834.78 1310.22 1319.93 0.0 14.0
715.77 723.74 1319.19 1329.76 0.0 17.5
706.4 749.27 1497.67 1507.64 0.0 35.0
833.96 842.77 68.25 92.99 0.0 17.5
767.91 819.78 67.42 92.11 0.0 17.5
645.91 655.52 227.88 242.84 0.0 38.5
649.77 658.88 210.89 228.2 0.0 21.0
648.18 685.71 175.33 208.33 0.0 28.0
651.01 670.9 165.53 173.22 0.0 10.5
650.52 659.6 139.16 155.96 0.0 14.0
650.91 661.45 129.21 137.57 0.0 38.5
649.48 673.3 113.81 124.56 0.0 10.5
678.51 687.24 212.07 230.6 0.0 31.5
656.51 679.15 228.85 246.68 0.0 10.5
372.01 394.71 13.82 21.8 0.0 42.0
569.4 575.43 1284.84 1318.65 0.0 17.5
601.02 626.36 1304.81 1331.11 0.0 10.5
514.35 527.98 1270.24 1283.25 0.0 31.5
701.45 725.8 1386.18 1395.2 0.0 35.0
701.93 710.55 1396.74 1403.0 0.0 10.5
700.53 711.84 1380.7 1385.74 0.0 31.5
713.65 728.09 1376.9 1382.94 0.0 17.5
732.94 756.5 1437.42 1446.94 0.0 24.5
760.61 769.87 1436.53 1447.08 0.0 28.0
753.69 773.98 1461.89 1468.28 0.0 31.5
728.1 770.01 1449.74 1456.84 0.0 21.0
703.67 714.88 1444.81 1453.63 0.0 42.0
705.25 735.11 1457.51 1479.69 0.0 35.0
706.28 711.25 1488.41 1498.44 0.0 14.0
705.12 734.67 1481.48 1485.83 0.0 17.5
705.4 710.63 1508.29 1532.48 0.0 28.0
706.7 710.25 1533.43 1545.23 0.0 17.5
273.0 298.08 708.14 744.5 0.0 28.0
248.6 269.83 713.08 733.75 0.0 31.5
293.66 321.84 697.0 714.39 0.0 24.5
288.9 312.33 678.08 696.1 0.0 42.0
318.19 331.42 684.61 695.89 0.0 10.5
267.38 285.81 608.08 621.03 0.0 28.0
365.54 387.44 578.36 594.92 0.0 31.5
362.56 388.62 629.51 646.03 0.0 42.0
354.31 374.81 600.72 614.32 0.0 35.0
277.18 303.28 646.1 663.74 0.0 21.0
305.66 319.66 656.48 676.12 0.0 31.5
297.21 309.47 628.17 643.61 0.0 31.5
311.32 337.27 635.59 651.54 0.0 31.5
321.32 334.29 618.3 636.49 0.0 17.5
331.15 353.57 606.94 622.54 0.0 38.5
305.08 329.09 606.55 623.07 0.0 42.0
291.12 305.26 607.23 626.99 0.0 24.5
346.05 366.0 659.94 674.24 0.0 21.0
206.49 223.24 644.87 655.55 0.0 21.0
254.32 274.08 623.4 654.71 0.0 38.5
260.32 275.16 656.75 671.53 0.0 28.0
181.36 197.26 750.35 777.04 0.0 17.5
821.21 830.65 754.11 784.67 0.0 24.5
129.89 161.89 1632.88 1653.09 0.0 10.5
161.63 219.43 1621.69 1641.38 0.0 28.0
325.38 348.25 1512.21 1525.03 0.0 21.0
175.73 223.91 1467.14 1519.92 0.0 14.0
174.46 223.38 1520.12 1549.39 0.0 10.5
164.64 222.32 1550.51 1566.8 0.0 14.0
226.41 235.34 1616.26 1642.13 0.0 35.0
392.72 430.42 1574.86 1644.11 0.0 38.5
282.41 341.49 1328.06 1377.75 0.0 14.0
66.79 77.32 1426.87 1457.78 0.0 38.5
74.04 127.42 1588.16 1599.0 0.0 14.0
70.37 81.06 1604.14 1621.68 0.0 38.5
116.71 127.4 1606.67 1622.13 0.0 24.5
6.79 66.67 1641.1 1660.82 0.0 28.0
394.54 401.25 594.65 600.61 0.0 14.0
403.77 421.15 559.64 592.38 0.0 14.0
466.52 486.95 534.19 567.25 0.0 28.0
394.63 407.41 539.72 550.75 0.0 17.5
102.34 112.14 712.14 726.43 0.0 42.0
71.48 109.98 729.73 741.84 0.0 24.5
99.96 129.31 781.27 796.12 0.0 42.0
101.64 120.2 809.41 840.1 0.0 24.5
120.96 146.06 821.55 838.34 0.0 38.5
10.5 74.29 1577.05 1638.02 0.0 38.5
75.34 138.45 1545.96 1582.2 0.0 24.5
67.92 127.2 1621.87 1643.28 0.0 17.5
258.63 265.48 1621.88 1643.21 0.0 31.5
388.92 427.0 1511.31 1569.89 0.0 31.5
382.26 415.43 1488.34 1505.78 0.0 17.5
282.57 293.91 1252.29 1305.02 0.0 24.5
282.2 292.9 1226.72 1245.33 0.0 21.0
144.83 162.52 1036.35 1105.0 0.0 42.0
215.22 226.46 1469.28 1486.89 0.0 17.5
177.91 187.64 1442.03 1461.6 0.0 21.0
216.52 226.69 1441.32 1461.14 0.0 28.0
176.76 228.51 1425.2 1436.42 0.0 35.0
808.24 815.62 1122.98 1135.29 0.0 42.0
79.72 124.7 1657.68 1664.95 0.0 10.5
43.39 81.43 1642.49 1650.01 0.0 31.5
827.27 835.89 841.79 860.9 0.0 35.0
827.59 835.01 835.2 841.88 0.0 24.5
834.87 847.41 833.65 841.98 0.0 21.0
818.7 833.22 862.65 878.04 0.0 24.5
819.69 827.9 829.1 847.35 0.0 21.0
159.53 186.78 937.81 948.12 0.0 31.5
839.64 849.92 724.48 732.04 0.0 38.5
852.2 860.53 711.58 731.64 0.0 14.0
842.85 851.41 706.49 713.27 0.0 24.5
833.24 841.21 707.7 719.19 0.0 21.0
834.19 846.49 861.93 867.39 0.0 17.5
847.07 855.13 837.45 863.48 0.0 31.5
687.33 704.38 1386.02 1525.7 0.0 42.0
58.93 74.6 1518.33 1533.22 0.0 38.5
700.5 757.28 232.84 253.25 0.0 42.0
703.05 759.83 196.8 217.2 0.0 28.0
706.1 762.89 159.06 179.46 0.0 38.5
705.09 761.87 124.03 144.43 0.0 31.5
797.61 804.93 1369.29 1377.12 0.0 24.5
824.7 832.23 1369.37 1377.52 0.0 35.0
825.63 832.08 1377.41 1385.97 0.0 21.0
338.26 351.83 366.06 374.85 0.0 24.5
369.05 379.56 303.43 310.96 0.0 7.0
317.33 329.55 302.43 310.24 0.0 21.0
283.79 306.45 324.7 345.64 0.0 42.0
305.73 314.0 321.99 331.26 0.0 14.0
300.21 310.9 353.85 361.9 0.0 42.0
300.77 311.18 338.85 346.03 0.0 38.5
382.96 392.42 350.89 356.75 0.0 38.5
383.41 393.89 336.0 343.21 0.0 17.5
427.68 435.58 366.32 374.44 0.0 24.5
661.35 673.15 351.13 371.97 0.0 10.5
233.88 304.13 994.01 1099.63 0.0 38.5
320.72 346.92 668.25 683.99 0.0 14.0
332.15 345.51 646.55 667.71 0.0 10.5
271.97 285.49 669.35 688.66 0.0 28.0
376.11 492.99 519.34 628.34 0.0 24.5
701.5 781.52 871.45 892.83 0.0 17.5
699.72 779.74 906.1 927.5 0.0 31.5
699.48 779.5 940.92 962.31 0.0 10.5
672.08 692.74 898.3 958.96 0.0 42.0
666.74 687.29 834.5 889.17 0.0 35.0
32.46 128.24 857.52 941.43 0.0 42.0
52.98 106.44 878.23 911.28 0.0 42.0
699.26 711.4 1189.55 1200.43 0.0 24.5
690.52 722.65 1176.89 1215.15 0.0 24.5
697.66 708.76 1130.69 1141.58 0.0 28.0
686.89 719.19 1120.39 1155.66 0.0 28.0
767.67 777.27 1085.51 1098.66 0.0 28.0
747.0 758.39 1086.17 1097.87 0.0 28.0
727.78 787.31 1077.57 1111.91 0.0 28.0
829.17 840.74 1040.52 1052.66 0.0 28.0
811.31 848.17 1030.67 1062.62 0.0 28.0
802.87 822.76 1429.34 1440.32 0.0 10.5
799.59 824.42 1450.41 1467.1 0.0 10.5
794.66 830.18 1412.77 1473.05 0.0 10.5
153.23 190.78 1335.25 1350.83 0.0 7.0
136.92 206.97 1317.15 1363.89 0.0 7.0
629.17 677.95 547.76 586.25 0.0 31.5
640.8 668.19 558.62 574.27 0.0 31.5
630.37 678.16 587.21 625.11 0.0 10.5
640.92 666.23 597.99 613.66 0.0 10.5
637.55 686.37 626.86 665.74 0.0 21.0
649.56 674.46 637.98 652.8 0.0 21.0
644.32 692.03 666.52 705.25 0.0 14.0
655.12 681.76 676.74 693.07 0.0 14.0
647.86 697.32 705.45 745.55 0.0 10.5
658.94 685.76 716.56 732.8 0.0 10.5
652.29 701.32 745.76 784.43 0.0 10.5
663.43 690.22 756.39 772.65 0.0 10.5
738.59 777.96 735.64 773.44 0.0 10.5
749.92 766.64 746.72 762.28 0.0 10.5
704.88 743.96 694.34 732.43 0.0 24.5
716.48 732.48 704.57 720.03 0.0 24.5
747.4 785.26 697.62 735.36 0.0 21.0
757.96 773.83 707.67 723.25 0.0 21.0
707.5 745.73 656.55 694.29 0.0 21.0
718.84 734.5 666.68 682.24 0.0 21.0
749.2 787.77 659.13 697.44 0.0 42.0
760.27 776.67 669.15 685.62 0.0 42.0
709.56 748.04 618.0 655.16 0.0 10.5
721.4 737.42 628.62 642.51 0.0 10.5
751.67 790.31 620.94 658.26 0.0 21.0
762.92 778.83 631.12 645.62 0.0 21.0
711.9 751.03 579.21 616.84 0.0 28.0
723.4 739.24 589.62 605.47 0.0 28.0
753.94 792.9 582.14 619.76 0.0 28.0
765.25 780.8 591.06 607.03 0.0 28.0
735.04 790.31 488.9 541.49 0.0 21.0
745.94 779.94 508.74 525.89 0.0 21.0
683.95 728.77 491.49 542.17 0.0 24.5
694.27 718.33 508.82 524.99 0.0 24.5
686.38 729.2 451.12 484.79 0.0 31.5
695.65 719.42 459.37 473.06 0.0 31.5
690.39 733.26 410.61 445.43 0.0 24.5
700.68 722.11 421.0 434.65 0.0 24.5
744.89 829.77 238.5 335.08 0.0 42.0
781.44 815.74 296.81 316.72 0.0 42.0
783.62 818.18 257.42 278.08 0.0 42.0
77.03 137.16 1408.83 1533.73 0.0 38.5
93.5 119.75 1464.27 1487.0 0.0 38.5
96.25 122.29 1423.18 1446.6 0.0 38.5
