# xMin xMax yMin yMax zMin zMax
# 地图自动生成. 沙盘尺寸: 876.4x1680.0 米
8.29 42.18 517.09 569.0 0.0 9.99
314.21 358.38 1563.14 1585.94 0.0 9.99
155.08 214.55 1567.55 1589.32 0.0 9.99
127.92 163.05 1251.25 1274.31 0.0 9.99
23.85 87.3 768.09 795.58 0.0 3.33
256.03 274.14 1287.12 1326.93 0.0 9.99
324.96 347.07 383.66 393.51 0.0 6.66
358.0 368.33 369.63 383.04 0.0 9.99
529.35 589.51 35.43 55.46 0.0 9.99
304.63 314.74 369.17 381.56 0.0 9.99
323.84 355.51 3.41 18.08 0.0 9.99
717.44 772.64 1101.36 1134.92 0.0 9.99
726.67 806.42 337.12 383.11 0.0 9.99
675.57 719.37 259.7 330.97 0.0 9.99
653.95 676.53 282.72 298.77 0.0 9.99
594.49 631.65 264.16 316.74 0.0 9.99
50.86 84.46 474.12 564.67 0.0 9.99
26.13 43.13 352.85 382.63 0.0 9.99
8.59 71.44 600.72 643.26 0.0 9.99
1.69 56.69 711.13 749.99 0.0 9.99
545.42 580.65 452.7 514.26 0.0 9.99
497.08 515.85 478.68 516.7 0.0 9.99
510.3 556.36 482.22 508.14 0.0 9.99
494.39 556.57 414.45 458.86 0.0 9.99
547.95 572.6 405.76 439.56 0.0 9.99
494.71 547.92 458.02 481.14 0.0 9.99
570.59 579.67 473.16 487.65 0.0 9.99
511.5 553.12 504.67 527.03 0.0 9.99
514.73 543.62 518.66 535.97 0.0 9.99
544.9 577.49 510.46 528.58 0.0 9.99
598.73 652.31 405.45 418.03 0.0 9.99
598.31 657.59 423.2 437.46 0.0 9.99
617.36 662.12 497.06 519.85 0.0 9.99
641.02 672.76 445.86 491.82 0.0 9.99
389.27 483.75 549.93 598.1 0.0 9.99
404.39 435.16 588.36 610.68 0.0 9.99
432.79 458.24 578.55 597.89 0.0 9.99
375.26 397.0 593.87 625.92 0.0 9.99
377.91 399.72 553.42 583.0 0.0 9.99
412.4 432.2 538.84 568.37 0.0 9.99
372.02 466.59 510.02 556.47 0.0 9.99
260.16 281.36 1148.12 1212.57 0.0 9.99
344.44 364.88 1498.45 1560.68 0.0 9.99
618.8 634.3 884.13 918.09 0.0 9.99
628.64 642.58 920.3 972.53 0.0 9.99
638.62 651.68 975.83 1028.49 0.0 9.99
641.7 658.62 1032.82 1102.7 0.0 9.99
18.01 48.07 63.35 116.55 0.0 9.99
829.22 846.25 592.19 603.7 0.0 9.99
826.07 847.11 611.19 631.04 0.0 9.99
765.62 829.0 93.06 107.76 0.0 9.99
763.25 828.49 112.19 157.11 0.0 9.99
760.73 793.48 161.15 219.09 0.0 9.99
747.89 766.19 1468.37 1479.39 0.0 9.99
787.74 822.45 1465.85 1510.67 0.0 9.99
755.79 764.5 1504.61 1531.85 0.0 9.99
729.51 756.86 1535.04 1555.33 0.0 9.99
769.54 776.63 1242.71 1254.85 0.0 9.99
686.29 703.58 1216.72 1222.55 0.0 9.99
686.58 693.56 1243.79 1248.15 0.0 9.99
689.1 694.37 1249.07 1263.03 0.0 9.99
689.67 702.26 1265.9 1271.51 0.0 9.99
693.84 705.07 1344.05 1360.19 0.0 9.99
692.99 707.53 1328.99 1333.56 0.0 9.99
693.44 706.27 1336.2 1341.92 0.0 9.99
691.62 697.69 1321.66 1326.58 0.0 9.99
692.24 696.02 1302.48 1312.21 0.0 9.99
691.9 700.95 1292.06 1300.99 0.0 9.99
698.88 716.74 1284.85 1290.46 0.0 9.99
689.61 695.68 1273.63 1289.31 0.0 9.99
692.93 701.63 1313.81 1318.86 0.0 9.99
561.59 583.63 1320.97 1326.97 0.0 9.99
565.79 581.51 1309.35 1316.07 0.0 9.99
601.09 611.91 1322.43 1333.38 0.0 9.99
585.96 595.59 1321.74 1329.04 0.0 9.99
617.86 627.19 1323.86 1331.02 0.0 9.99
629.52 638.86 1276.85 1297.58 0.0 9.99
578.36 588.88 1274.35 1293.82 0.0 9.99
687.49 714.75 1201.44 1214.48 0.0 9.99
648.44 666.56 1152.31 1195.93 0.0 9.99
680.79 708.97 1142.98 1155.01 0.0 9.99
673.49 714.11 1046.7 1071.54 0.0 9.99
673.4 711.44 1074.69 1087.41 0.0 9.99
672.89 713.2 987.94 1013.13 0.0 9.99
673.11 710.49 1014.06 1028.88 0.0 9.99
806.17 838.24 1065.0 1086.99 0.0 9.99
804.86 835.78 1051.78 1060.71 0.0 9.99
724.19 777.09 962.98 1044.28 0.0 9.99
738.16 754.88 1194.28 1207.56 0.0 9.99
800.34 833.43 1129.58 1153.63 0.0 9.99
762.31 773.48 1161.93 1168.03 0.0 9.99
762.31 772.82 1170.95 1178.06 0.0 9.99
767.82 775.72 1272.59 1293.09 0.0 9.99
795.65 831.95 1252.78 1266.05 0.0 9.99
321.07 343.28 1453.79 1467.08 0.0 9.99
319.35 345.41 1419.12 1440.64 0.0 9.99
265.26 309.43 1401.1 1477.6 0.0 9.99
268.83 304.69 1497.61 1512.29 0.0 9.99
267.36 303.78 1530.56 1547.0 0.0 9.99
308.13 340.31 1545.24 1559.96 0.0 9.99
303.78 346.37 1514.48 1533.03 0.0 9.99
263.44 308.8 1558.9 1583.46 0.0 9.99
261.76 358.57 1588.12 1639.1 0.0 9.99
68.21 107.53 565.57 593.69 0.0 3.33
7.56 58.82 581.33 601.19 0.0 3.33
92.52 125.93 781.47 794.79 0.0 3.33
63.94 94.39 659.3 703.05 0.0 6.66
168.71 190.81 790.65 807.93 0.0 3.33
145.12 167.91 772.32 812.74 0.0 3.33
137.75 178.03 745.16 781.75 0.0 6.66
185.49 233.16 708.94 747.58 0.0 6.66
25.35 56.14 999.85 1037.52 0.0 9.99
16.53 85.46 1080.46 1110.46 0.0 6.66
113.04 150.41 1167.55 1185.62 0.0 3.33
103.79 144.89 1103.02 1132.56 0.0 3.33
107.21 146.73 1132.54 1147.41 0.0 3.33
98.72 141.57 1061.18 1090.74 0.0 3.33
102.86 142.94 1089.85 1105.77 0.0 3.33
169.75 226.76 804.38 914.2 0.0 3.33
156.69 233.3 814.12 929.77 0.0 3.33
20.5 92.82 794.8 833.33 0.0 16.65
136.67 162.27 857.04 920.51 0.0 3.33
142.92 212.06 970.78 1086.97 0.0 6.66
97.26 136.29 1048.02 1063.15 0.0 3.33
93.46 135.81 1019.36 1049.13 0.0 3.33
92.37 133.4 1006.25 1022.48 0.0 3.33
86.95 130.81 959.54 1006.26 0.0 6.66
52.37 74.12 976.37 996.41 0.0 3.33
7.68 52.76 978.91 996.79 0.0 3.33
217.38 273.6 961.49 978.32 0.0 3.33
218.64 227.8 979.31 999.39 0.0 3.33
231.97 259.29 1085.97 1147.21 0.0 6.66
226.65 242.23 1262.41 1294.81 0.0 6.66
248.78 273.52 1251.73 1277.11 0.0 13.32
242.0 271.88 1230.57 1245.12 0.0 3.33
154.96 236.23 1163.81 1257.28 0.0 9.99
208.67 270.05 1326.87 1347.71 0.0 3.33
90.96 106.71 1305.58 1342.16 0.0 3.33
45.27 84.43 1299.39 1323.54 0.0 3.33
25.31 87.84 1326.19 1344.85 0.0 3.33
19.46 39.71 1173.31 1189.48 0.0 9.99
23.74 40.46 1190.49 1245.23 0.0 16.65
19.05 49.62 1256.91 1310.61 0.0 6.66
21.2 40.02 1120.73 1170.16 0.0 3.33
335.53 348.45 258.92 273.3 0.0 9.99
805.28 843.47 935.96 988.58 0.0 9.99
806.75 831.06 950.03 963.27 0.0 9.99
783.38 815.23 1612.24 1680.0 0.0 9.99
781.7 814.63 1571.27 1587.92 0.0 9.99
781.93 814.26 1527.44 1565.78 0.0 9.99
698.63 727.51 1534.15 1554.84 0.0 9.99
698.63 726.83 1556.66 1576.45 0.0 9.99
717.57 754.17 538.22 557.87 0.0 9.99
781.11 807.71 572.33 771.41 0.0 9.99
732.43 783.96 403.67 435.01 0.0 9.99
652.05 677.79 386.09 423.93 0.0 9.99
318.76 330.6 318.99 328.19 0.0 9.99
332.9 351.08 318.34 332.7 0.0 9.99
354.06 365.3 318.79 327.76 0.0 9.99
353.05 363.02 333.68 351.11 0.0 9.99
319.12 329.63 334.35 350.73 0.0 9.99
321.24 362.11 297.96 315.53 0.0 6.66
303.86 312.02 320.57 356.04 0.0 9.99
368.36 376.85 321.94 356.26 0.0 9.99
275.38 325.08 367.98 390.25 0.0 9.99
346.98 396.03 375.0 391.68 0.0 9.99
702.21 742.59 1579.42 1595.44 0.0 9.99
740.36 762.89 1567.1 1576.34 0.0 9.99
717.33 729.62 1185.02 1192.19 0.0 9.99
717.3 729.71 1172.68 1180.92 0.0 9.99
717.67 729.67 1161.46 1169.77 0.0 9.99
717.9 729.93 1150.29 1158.0 0.0 9.99
717.66 733.61 1139.96 1148.53 0.0 9.99
735.34 753.48 1143.69 1151.46 0.0 9.99
717.31 729.65 1196.55 1203.89 0.0 9.99
715.96 729.58 1208.48 1216.91 0.0 9.99
715.66 734.27 1222.62 1230.49 0.0 9.99
736.08 774.24 1178.65 1228.28 0.0 9.99
631.86 639.74 810.29 833.78 0.0 9.99
654.97 682.33 1597.17 1607.49 0.0 9.99
796.89 820.41 405.49 531.93 0.0 9.99
815.47 844.85 902.07 936.37 0.0 9.99
822.41 841.88 877.98 885.97 0.0 9.99
842.11 853.5 740.22 775.72 0.0 9.99
832.04 843.41 741.59 747.99 0.0 9.99
818.13 851.53 726.65 736.76 0.0 9.99
824.67 851.66 621.63 649.11 0.0 9.99
828.65 837.82 651.54 656.8 0.0 9.99
841.15 852.26 651.65 657.01 0.0 9.99
823.22 857.24 658.06 679.37 0.0 9.99
830.2 845.88 581.27 589.18 0.0 9.99
830.88 843.61 535.18 579.72 0.0 9.99
842.82 858.97 559.94 577.11 0.0 9.99
843.34 876.44 341.73 393.38 0.0 9.99
817.19 824.81 1379.84 1391.45 0.0 9.99
819.2 825.79 1344.09 1355.68 0.0 9.99
788.99 797.55 1379.03 1390.74 0.0 9.99
800.98 814.19 1368.6 1377.92 0.0 9.99
790.81 796.5 1363.2 1371.51 0.0 9.99
803.43 814.26 1340.02 1347.78 0.0 9.99
797.79 807.59 1161.27 1190.17 0.0 9.99
808.4 826.01 1188.64 1197.57 0.0 9.99
823.89 835.67 1172.05 1185.33 0.0 9.99
808.86 826.16 1163.92 1174.67 0.0 9.99
805.85 837.89 1199.3 1207.23 0.0 9.99
801.05 832.87 1209.86 1216.17 0.0 9.99
800.95 836.07 1230.64 1242.16 0.0 9.99
808.93 815.97 1217.5 1229.37 0.0 9.99
830.26 836.97 1217.41 1228.94 0.0 9.99
798.1 820.58 1243.41 1250.47 0.0 9.99
826.8 835.27 1243.93 1248.99 0.0 9.99
794.54 829.83 1264.11 1279.78 0.0 9.99
792.95 808.46 1277.58 1296.68 0.0 9.99
813.38 829.19 1278.82 1297.45 0.0 9.99
792.67 827.99 1296.39 1306.11 0.0 9.99
708.98 716.95 1305.37 1315.94 0.0 9.99
699.61 742.48 1483.84 1493.82 0.0 9.99
827.17 835.98 54.42 79.17 0.0 9.99
761.12 813.0 53.6 78.29 0.0 9.99
639.12 648.73 214.06 229.02 0.0 9.99
642.98 652.09 197.07 214.38 0.0 9.99
641.39 678.92 161.5 194.51 0.0 9.99
644.22 664.11 151.71 159.4 0.0 9.99
643.73 652.81 125.33 142.13 0.0 9.99
644.13 654.66 115.38 123.74 0.0 9.99
642.69 666.51 99.99 110.74 0.0 9.99
671.72 680.45 198.25 216.77 0.0 9.99
649.72 672.36 215.02 232.86 0.0 9.99
365.22 387.92 0.0 7.98 0.0 9.99
562.61 568.64 1271.01 1304.83 0.0 9.99
594.24 619.57 1290.98 1317.29 0.0 9.99
507.56 521.19 1256.42 1269.43 0.0 9.99
694.66 719.02 1372.36 1381.37 0.0 9.99
695.14 703.77 1382.92 1389.18 0.0 9.99
693.74 705.06 1366.88 1371.91 0.0 9.99
706.87 721.3 1363.07 1369.12 0.0 9.99
726.15 749.71 1423.6 1433.12 0.0 9.99
753.83 763.08 1422.71 1433.26 0.0 9.99
746.9 767.19 1448.07 1454.46 0.0 9.99
721.31 763.23 1435.92 1443.01 0.0 9.99
696.88 708.1 1430.99 1439.81 0.0 9.99
698.46 728.32 1443.69 1465.87 0.0 9.99
699.5 704.46 1474.58 1484.61 0.0 9.99
698.34 727.89 1467.66 1472.01 0.0 9.99
698.62 703.84 1494.46 1518.65 0.0 9.99
699.92 703.46 1519.61 1531.41 0.0 9.99
266.21 291.3 694.32 730.68 0.0 9.99
241.81 263.04 699.25 719.93 0.0 9.99
286.87 315.05 683.18 700.57 0.0 9.99
282.12 305.55 664.25 682.28 0.0 9.99
311.4 324.63 670.79 682.07 0.0 9.99
260.59 279.02 594.26 607.2 0.0 9.99
358.75 380.65 564.53 581.1 0.0 9.99
355.77 381.83 615.69 632.21 0.0 9.99
347.52 368.02 586.9 600.5 0.0 9.99
270.39 296.5 632.27 649.92 0.0 9.99
298.87 312.87 642.66 662.3 0.0 9.99
290.43 302.69 614.35 629.79 0.0 9.99
304.53 330.49 621.76 637.72 0.0 9.99
314.54 327.5 604.48 622.67 0.0 9.99
324.37 346.78 593.12 608.72 0.0 9.99
298.29 322.3 592.73 609.25 0.0 9.99
284.33 298.48 593.41 613.17 0.0 9.99
339.27 359.21 646.12 660.41 0.0 9.99
199.71 216.45 631.05 641.72 0.0 9.99
247.54 267.3 609.57 640.89 0.0 9.99
253.53 268.37 642.93 657.71 0.0 9.99
174.58 190.48 736.52 763.22 0.0 9.99
814.42 823.87 740.29 770.84 0.0 9.99
123.1 155.1 1619.05 1639.27 0.0 9.99
154.85 212.64 1607.87 1627.56 0.0 9.99
318.59 341.47 1498.38 1511.21 0.0 9.99
168.94 217.12 1453.32 1506.1 0.0 9.99
167.67 216.59 1506.3 1535.56 0.0 9.99
157.85 215.54 1536.69 1552.97 0.0 9.99
219.63 228.55 1602.43 1628.3 0.0 9.99
385.94 423.63 1561.03 1630.28 0.0 9.99
275.62 334.71 1314.24 1363.93 0.0 9.99
60.0 70.54 1413.04 1443.96 0.0 9.99
67.25 120.63 1574.34 1585.18 0.0 9.99
63.59 74.27 1590.32 1607.85 0.0 9.99
109.93 120.62 1592.85 1608.31 0.0 9.99
0.0 59.88 1627.28 1646.99 0.0 9.99
387.75 394.47 580.83 586.79 0.0 9.99
396.98 414.36 545.82 578.56 0.0 9.99
459.73 480.16 520.36 553.42 0.0 9.99
387.84 400.62 525.9 536.93 0.0 9.99
95.56 105.36 698.32 712.61 0.0 9.99
64.7 103.2 715.91 728.02 0.0 9.99
93.17 122.52 767.45 782.3 0.0 9.99
94.86 113.41 795.59 826.28 0.0 9.99
114.17 139.27 807.72 824.52 0.0 9.99
3.72 67.5 1563.23 1624.2 0.0 9.99
68.55 131.66 1532.13 1568.38 0.0 9.99
61.14 120.41 1608.04 1629.46 0.0 9.99
251.84 258.69 1608.05 1629.38 0.0 9.99
382.14 420.21 1497.49 1556.07 0.0 9.99
375.48 408.65 1474.52 1491.96 0.0 9.99
275.78 287.12 1238.46 1291.19 0.0 9.99
275.42 286.11 1212.89 1231.51 0.0 9.99
138.04 155.73 1022.53 1091.18 0.0 9.99
208.43 219.68 1455.46 1473.07 0.0 9.99
171.12 180.85 1428.21 1447.78 0.0 9.99
209.73 219.9 1427.49 1447.32 0.0 9.99
169.98 221.73 1411.38 1422.6 0.0 9.99
801.45 808.83 1109.15 1121.47 0.0 9.99
72.94 117.91 1643.85 1651.12 0.0 9.99
36.6 74.65 1628.67 1636.18 0.0 9.99
820.49 829.1 827.97 847.07 0.0 9.99
820.8 828.22 821.38 828.06 0.0 9.99
828.08 840.63 819.82 828.16 0.0 9.99
811.91 826.44 848.82 864.22 0.0 9.99
812.9 821.11 815.28 833.53 0.0 9.99
152.75 179.99 923.98 934.29 0.0 9.99
832.85 843.14 710.65 718.22 0.0 9.99
845.42 853.74 697.76 717.82 0.0 9.99
836.07 844.62 692.66 699.44 0.0 9.99
826.45 834.42 693.88 705.36 0.0 9.99
827.4 839.7 848.11 853.56 0.0 9.99
840.29 848.35 823.63 849.66 0.0 9.99
680.54 697.59 1372.2 1511.87 0.0 9.99
52.15 67.81 1504.51 1519.4 0.0 9.99
693.71 750.49 219.02 239.43 0.0 9.99
696.26 753.04 182.98 203.38 0.0 9.99
699.32 756.11 145.24 165.63 0.0 9.99
698.3 755.08 110.21 130.61 0.0 9.99
790.82 798.14 1355.47 1363.3 0.0 9.99
817.92 825.45 1355.55 1363.7 0.0 9.99
818.85 825.29 1363.59 1372.15 0.0 9.99
331.47 345.05 352.24 361.03 0.0 9.99
362.27 372.78 289.61 297.13 0.0 6.66
310.54 322.76 288.61 296.42 0.0 9.99
277.0 299.66 310.88 331.82 0.0 9.99
298.94 307.21 308.17 317.44 0.0 9.99
293.42 304.11 340.03 348.07 0.0 9.99
293.99 304.39 325.03 332.21 0.0 9.99
376.18 385.64 337.06 342.93 0.0 9.99
376.62 387.11 322.18 329.38 0.0 9.99
420.89 428.8 352.49 360.62 0.0 9.99
654.56 666.36 337.31 358.15 0.0 9.99
227.1 297.34 980.19 1085.81 0.0 9.99
313.93 340.14 654.42 670.17 0.0 9.99
325.36 338.72 632.73 653.89 0.0 9.99
265.19 278.7 655.53 674.84 0.0 9.99
369.32 486.2 505.51 614.52 0.0 9.99
694.72 774.73 857.63 879.01 0.0 9.99
692.93 772.95 892.28 913.68 0.0 9.99
692.69 772.71 927.1 948.49 0.0 9.99
665.29 685.96 884.48 945.14 0.0 9.99
659.96 680.5 820.68 875.35 0.0 9.99
25.67 121.45 843.7 927.6 0.0 9.99
683.74 715.87 1163.07 1201.33 0.0 9.99
680.11 712.4 1106.57 1141.84 0.0 9.99
720.99 780.53 1063.75 1098.09 0.0 9.99
804.52 841.39 1016.85 1048.8 0.0 9.99
787.88 823.39 1398.95 1459.23 0.0 9.99
130.14 200.18 1303.33 1350.07 0.0 6.66
622.38 671.16 533.93 572.43 0.0 9.99
623.58 671.37 573.38 611.29 0.0 9.99
630.76 679.59 613.04 651.92 0.0 9.99
637.53 685.25 652.7 691.43 0.0 9.99
641.08 690.53 691.63 731.73 0.0 9.99
645.5 694.54 731.94 770.61 0.0 9.99
731.81 771.18 721.82 759.62 0.0 9.99
698.1 737.17 680.52 718.61 0.0 9.99
740.62 778.47 683.8 721.54 0.0 9.99
700.71 738.94 642.73 680.46 0.0 9.99
742.41 780.98 645.31 683.61 0.0 9.99
702.78 741.25 604.18 641.33 0.0 9.99
744.88 783.52 607.11 644.44 0.0 9.99
705.12 744.25 565.39 603.02 0.0 9.99
747.15 786.11 568.32 605.93 0.0 9.99
728.25 783.52 475.08 527.67 0.0 9.99
677.16 721.98 477.67 528.34 0.0 9.99
679.59 722.41 437.3 470.97 0.0 9.99
683.61 726.47 396.79 431.61 0.0 9.99
738.1 822.98 224.68 321.26 0.0 9.99
70.25 130.37 1395.01 1519.91 0.0 9.99
