# ==========================================
# 智能动态规划轨迹 | v_formation
# 起点: 0,0,30 -> 终点: 0,600,30
# Format: time(s) nodeId x(m) y(m) z(m)
# ==========================================
0.000,0,0.000,5.700,30.000
0.000,1,-12.000,-6.300,30.000
0.000,2,12.000,-6.300,30.000
0.000,3,-24.000,-18.300,30.000
0.000,4,24.000,-18.300,30.000
0.000,5,-36.000,-30.300,30.000
0.000,6,36.000,-30.300,30.000
0.000,7,-48.000,-42.300,30.000
0.000,8,48.000,-42.300,30.000
0.000,9,-60.000,-54.300,30.000
0.000,10,60.000,-54.300,30.000
0.000,11,-72.000,-66.300,30.000
0.000,12,72.000,-66.300,30.000
0.000,13,-84.000,-78.300,30.000
0.000,14,84.000,-78.300,30.000
0.500,0,0.000,13.200,30.000
0.500,1,-12.000,1.200,30.000
0.500,2,12.000,1.200,30.000
0.500,3,-24.000,-10.800,30.000
0.500,4,24.000,-10.800,30.000
0.500,5,-36.000,-22.800,30.000
0.500,6,36.000,-22.800,30.000
0.500,7,-48.000,-34.800,30.000
0.500,8,48.000,-34.800,30.000
0.500,9,-60.000,-46.800,30.000
0.500,10,60.000,-46.800,30.000
0.500,11,-72.000,-58.800,30.000
0.500,12,72.000,-58.800,30.000
0.500,13,-84.000,-70.800,30.000
0.500,14,84.000,-70.800,30.000
1.000,0,0.000,20.700,30.000
1.000,1,-12.000,8.700,30.000
1.000,2,12.000,8.700,30.000
1.000,3,-24.000,-3.300,30.000
1.000,4,24.000,-3.300,30.000
1.000,5,-36.000,-15.300,30.000
1.000,6,36.000,-15.300,30.000
1.000,7,-48.000,-27.300,30.000
1.000,8,48.000,-27.300,30.000
1.000,9,-60.000,-39.300,30.000
1.000,10,60.000,-39.300,30.000
1.000,11,-72.000,-51.300,30.000
1.000,12,72.000,-51.300,30.000
1.000,13,-84.000,-63.300,30.000
1.000,14,84.000,-63.300,30.000
1.500,0,0.000,28.200,30.000
1.500,1,-12.000,16.200,30.000
1.500,2,12.000,16.200,30.000
1.500,3,-24.000,4.200,30.000
1.500,4,24.000,4.200,30.000
1.500,5,-36.000,-7.800,30.000
1.500,6,36.000,-7.800,30.000
1.500,7,-48.000,-19.800,30.000
1.500,8,48.000,-19.800,30.000
1.500,9,-60.000,-31.800,30.000
1.500,10,60.000,-31.800,30.000
1.500,11,-72.000,-43.800,30.000
1.500,12,72.000,-43.800,30.000
1.500,13,-84.000,-55.800,30.000
1.500,14,84.000,-55.800,30.000
2.000,0,0.000,35.700,30.000
2.000,1,-12.000,23.700,30.000
2.000,2,12.000,23.700,30.000
2.000,3,-24.000,11.700,30.000
2.000,4,24.000,11.700,30.000
2.000,5,-36.000,-0.300,30.000
2.000,6,36.000,-0.300,30.000
2.000,7,-48.000,-12.300,30.000
2.000,8,48.000,-12.300,30.000
2.000,9,-60.000,-24.300,30.000
2.000,10,60.000,-24.300,30.000
2.000,11,-72.000,-36.300,30.000
2.000,12,72.000,-36.300,30.000
2.000,13,-84.000,-48.300,30.000
2.000,14,84.000,-48.300,30.000
2.500,0,0.000,42.932,30.000
2.500,1,-12.000,30.932,30.000
2.500,2,12.000,30.932,30.000
2.500,3,-24.000,18.932,30.000
2.500,4,24.000,18.932,30.000
2.500,5,-36.000,6.932,30.000
2.500,6,36.000,6.932,30.000
2.500,7,-48.000,-5.068,30.000
2.500,8,48.000,-5.068,30.000
2.500,9,-60.000,-17.068,30.000
2.500,10,60.000,-17.068,30.000
2.500,11,-72.000,-29.068,30.000
2.500,12,72.000,-29.068,30.000
2.500,13,-84.000,-41.068,30.000
2.500,14,84.000,-41.068,30.000
3.000,0,0.000,49.470,30.000
3.000,1,-12.000,37.470,30.000
3.000,2,12.000,37.470,30.000
3.000,3,-24.000,25.470,30.000
3.000,4,24.000,25.470,30.000
3.000,5,-36.000,13.470,30.000
3.000,6,36.000,13.470,30.000
3.000,7,-48.000,1.470,30.000
3.000,8,48.000,1.470,30.000
3.000,9,-60.000,-10.530,30.000
3.000,10,60.000,-10.530,30.000
3.000,11,-72.000,-22.530,30.000
3.000,12,72.000,-22.530,30.000
3.000,13,-84.000,-34.530,30.000
3.000,14,84.000,-34.530,30.000
3.500,0,0.000,55.158,30.000
3.500,1,-12.000,43.158,30.000
3.500,2,12.000,43.158,30.000
3.500,3,-24.000,31.158,30.000
3.500,4,24.000,31.158,30.000
3.500,5,-36.000,19.158,30.000
3.500,6,36.000,19.158,30.000
3.500,7,-48.000,7.158,30.000
3.500,8,48.000,7.158,30.000
3.500,9,-60.000,-4.842,30.000
3.500,10,60.000,-4.842,30.000
3.500,11,-72.000,-16.842,30.000
3.500,12,72.000,-16.842,30.000
3.500,13,-84.000,-28.842,30.000
3.500,14,84.000,-28.842,30.000
4.000,0,0.000,60.149,30.000
4.000,1,-12.000,48.149,30.000
4.000,2,12.000,48.149,30.000
4.000,3,-24.000,36.149,30.000
4.000,4,24.000,36.149,30.000
4.000,5,-36.000,24.149,30.000
4.000,6,36.000,24.149,30.000
4.000,7,-48.000,12.149,30.000
4.000,8,48.000,12.149,30.000
4.000,9,-60.000,0.149,30.000
4.000,10,60.000,0.149,30.000
4.000,11,-72.000,-11.851,30.000
4.000,12,72.000,-11.851,30.000
4.000,13,-84.000,-23.851,30.000
4.000,14,84.000,-23.851,30.000
4.500,0,0.000,64.837,30.000
4.500,1,-12.000,52.837,30.000
4.500,2,12.000,52.837,30.000
4.500,3,-24.000,40.837,30.000
4.500,4,24.000,40.837,30.000
4.500,5,-36.000,28.837,30.000
4.500,6,36.000,28.837,30.000
4.500,7,-48.000,16.837,30.000
4.500,8,48.000,16.837,30.000
4.500,9,-60.000,4.837,30.000
4.500,10,60.000,4.837,30.000
4.500,11,-72.000,-7.163,30.000
4.500,12,72.000,-7.163,30.000
4.500,13,-84.000,-19.163,30.000
4.500,14,84.000,-19.163,30.000
5.000,0,0.000,69.705,30.000
5.000,1,-12.000,57.705,30.000
5.000,2,12.000,57.705,30.000
5.000,3,-24.000,45.705,30.000
5.000,4,24.000,45.705,30.000
5.000,5,-36.000,33.705,30.000
5.000,6,36.000,33.705,30.000
5.000,7,-48.000,21.705,30.000
5.000,8,48.000,21.705,30.000
5.000,9,-60.000,9.705,30.000
5.000,10,60.000,9.705,30.000
5.000,11,-72.000,-2.295,30.000
5.000,12,72.000,-2.295,30.000
5.000,13,-84.000,-14.295,30.000
5.000,14,84.000,-14.295,30.000
5.500,0,0.000,75.148,30.000
5.500,1,-12.000,63.148,30.000
5.500,2,12.000,63.148,30.000
5.500,3,-24.000,51.148,30.000
5.500,4,24.000,51.148,30.000
5.500,5,-36.000,39.148,30.000
5.500,6,36.000,39.148,30.000
5.500,7,-48.000,27.148,30.000
5.500,8,48.000,27.148,30.000
5.500,9,-60.000,15.148,30.000
5.500,10,60.000,15.148,30.000
5.500,11,-72.000,3.148,30.000
5.500,12,72.000,3.148,30.000
5.500,13,-84.000,-8.852,30.000
5.500,14,84.000,-8.852,30.000
6.000,0,0.000,81.334,30.000
6.000,1,-12.000,69.334,30.000
6.000,2,12.000,69.334,30.000
6.000,3,-24.000,57.334,30.000
6.000,4,24.000,57.334,30.000
6.000,5,-36.000,45.334,30.000
6.000,6,36.000,45.334,30.000
6.000,7,-48.000,33.334,30.000
6.000,8,48.000,33.334,30.000
6.000,9,-60.000,21.334,30.000
6.000,10,60.000,21.334,30.000
6.000,11,-72.000,9.334,30.000
6.000,12,72.000,9.334,30.000
6.000,13,-84.000,-2.666,30.000
6.000,14,84.000,-2.666,30.000
6.500,0,0.000,88.161,30.000
6.500,1,-12.000,76.161,30.000
6.500,2,12.000,76.161,30.000
6.500,3,-24.000,64.161,30.000
6.500,4,24.000,64.161,30.000
6.500,5,-36.000,52.161,30.000
6.500,6,36.000,52.161,30.000
6.500,7,-48.000,40.161,30.000
6.500,8,48.000,40.161,30.000
6.500,9,-60.000,28.161,30.000
6.500,10,60.000,28.161,30.000
6.500,11,-72.000,16.161,30.000
6.500,12,72.000,16.161,30.000
6.500,13,-84.000,4.161,30.000
6.500,14,84.000,4.161,30.000
7.000,0,0.000,95.302,30.000
7.000,1,-12.000,83.302,30.000
7.000,2,12.000,83.302,30.000
7.000,3,-24.000,71.302,30.000
7.000,4,24.000,71.302,30.000
7.000,5,-36.000,59.302,30.000
7.000,6,36.000,59.302,30.000
7.000,7,-48.000,47.302,30.000
7.000,8,48.000,47.302,30.000
7.000,9,-60.000,35.302,30.000
7.000,10,60.000,35.302,30.000
7.000,11,-72.000,23.302,30.000
7.000,12,72.000,23.302,30.000
7.000,13,-84.000,11.302,30.000
7.000,14,84.000,11.302,30.000
7.500,0,0.000,102.334,30.000
7.500,1,-12.000,90.334,30.000
7.500,2,12.000,90.334,30.000
7.500,3,-24.000,78.334,30.000
7.500,4,24.000,78.334,30.000
7.500,5,-36.000,66.334,30.000
7.500,6,36.000,66.334,30.000
7.500,7,-48.000,54.334,30.000
7.500,8,48.000,54.334,30.000
7.500,9,-60.000,42.334,30.000
7.500,10,60.000,42.334,30.000
7.500,11,-72.000,30.334,30.000
7.500,12,72.000,30.334,30.000
7.500,13,-84.000,18.334,30.000
7.500,14,84.000,18.334,30.000
8.000,0,0.000,108.896,30.000
8.000,1,-12.000,96.896,30.000
8.000,2,12.000,96.896,30.000
8.000,3,-24.000,84.896,30.000
8.000,4,24.000,84.896,30.000
8.000,5,-36.000,72.896,30.000
8.000,6,36.000,72.896,30.000
8.000,7,-48.000,60.896,30.000
8.000,8,48.000,60.896,30.000
8.000,9,-60.000,48.896,30.000
8.000,10,60.000,48.896,30.000
8.000,11,-72.000,36.896,30.000
8.000,12,72.000,36.896,30.000
8.000,13,-84.000,24.896,30.000
8.000,14,84.000,24.896,30.000
8.500,0,0.000,114.811,30.000
8.500,1,-12.000,102.811,30.000
8.500,2,12.000,102.811,30.000
8.500,3,-24.000,90.811,30.000
8.500,4,24.000,90.811,30.000
8.500,5,-36.000,78.811,30.000
8.500,6,36.000,78.811,30.000
8.500,7,-48.000,66.811,30.000
8.500,8,48.000,66.811,30.000
8.500,9,-60.000,54.811,30.000
8.500,10,60.000,54.811,30.000
8.500,11,-72.000,42.811,30.000
8.500,12,72.000,42.811,30.000
8.500,13,-84.000,30.811,30.000
8.500,14,84.000,30.811,30.000
9.000,0,0.000,120.141,30.000
9.000,1,-12.000,108.141,30.000
9.000,2,12.000,108.141,30.000
9.000,3,-24.000,96.141,30.000
9.000,4,24.000,96.141,30.000
9.000,5,-36.000,84.141,30.000
9.000,6,36.000,84.141,30.000
9.000,7,-48.000,72.141,30.000
9.000,8,48.000,72.141,30.000
9.000,9,-60.000,60.141,30.000
9.000,10,60.000,60.141,30.000
9.000,11,-72.000,48.141,30.000
9.000,12,72.000,48.141,30.000
9.000,13,-84.000,36.141,30.000
9.000,14,84.000,36.141,30.000
9.500,0,0.000,125.154,30.000
9.500,1,-12.000,113.154,30.000
9.500,2,12.000,113.154,30.000
9.500,3,-24.000,101.154,30.000
9.500,4,24.000,101.154,30.000
9.500,5,-36.000,89.154,30.000
9.500,6,36.000,89.154,30.000
9.500,7,-48.000,77.154,30.000
9.500,8,48.000,77.154,30.000
9.500,9,-60.000,65.154,30.000
9.500,10,60.000,65.154,30.000
9.500,11,-72.000,53.154,30.000
9.500,12,72.000,53.154,30.000
9.500,13,-84.000,41.154,30.000
9.500,14,84.000,41.154,30.000
10.000,0,0.000,130.218,30.000
10.000,1,-12.000,118.218,30.000
10.000,2,12.000,118.218,30.000
10.000,3,-24.000,106.218,30.000
10.000,4,24.000,106.218,30.000
10.000,5,-36.000,94.218,30.000
10.000,6,36.000,94.218,30.000
10.000,7,-48.000,82.218,30.000
10.000,8,48.000,82.218,30.000
10.000,9,-60.000,70.218,30.000
10.000,10,60.000,70.218,30.000
10.000,11,-72.000,58.218,30.000
10.000,12,72.000,58.218,30.000
10.000,13,-84.000,46.218,30.000
10.000,14,84.000,46.218,30.000
10.500,0,0.000,135.664,30.000
10.500,1,-12.000,123.664,30.000
10.500,2,12.000,123.664,30.000
10.500,3,-24.000,111.664,30.000
10.500,4,24.000,111.664,30.000
10.500,5,-36.000,99.664,30.000
10.500,6,36.000,99.664,30.000
10.500,7,-48.000,87.664,30.000
10.500,8,48.000,87.664,30.000
10.500,9,-60.000,75.664,30.000
10.500,10,60.000,75.664,30.000
10.500,11,-72.000,63.664,30.000
10.500,12,72.000,63.664,30.000
10.500,13,-84.000,51.664,30.000
10.500,14,84.000,51.664,30.000
11.000,0,0.000,141.670,30.000
11.000,1,-12.000,129.670,30.000
11.000,2,12.000,129.670,30.000
11.000,3,-24.000,117.670,30.000
11.000,4,24.000,117.670,30.000
11.000,5,-36.000,105.670,30.000
11.000,6,36.000,105.670,30.000
11.000,7,-48.000,93.670,30.000
11.000,8,48.000,93.670,30.000
11.000,9,-60.000,81.670,30.000
11.000,10,60.000,81.670,30.000
11.000,11,-72.000,69.670,30.000
11.000,12,72.000,69.670,30.000
11.000,13,-84.000,57.670,30.000
11.000,14,84.000,57.670,30.000
11.500,0,0.000,148.205,30.000
11.500,1,-12.000,136.205,30.000
11.500,2,12.000,136.205,30.000
11.500,3,-24.000,124.205,30.000
11.500,4,24.000,124.205,30.000
11.500,5,-36.000,112.205,30.000
11.500,6,36.000,112.205,30.000
11.500,7,-48.000,100.205,30.000
11.500,8,48.000,100.205,30.000
11.500,9,-60.000,88.205,30.000
11.500,10,60.000,88.205,30.000
11.500,11,-72.000,76.205,30.000
11.500,12,72.000,76.205,30.000
11.500,13,-84.000,64.205,30.000
11.500,14,84.000,64.205,30.000
12.000,0,0.000,155.053,30.000
12.000,1,-12.000,143.053,30.000
12.000,2,12.000,143.053,30.000
12.000,3,-24.000,131.053,30.000
12.000,4,24.000,131.053,30.000
12.000,5,-36.000,119.053,30.000
12.000,6,36.000,119.053,30.000
12.000,7,-48.000,107.053,30.000
12.000,8,48.000,107.053,30.000
12.000,9,-60.000,95.053,30.000
12.000,10,60.000,95.053,30.000
12.000,11,-72.000,83.053,30.000
12.000,12,72.000,83.053,30.000
12.000,13,-84.000,71.053,30.000
12.000,14,84.000,71.053,30.000
12.500,0,0.000,161.896,30.000
12.500,1,-12.000,149.896,30.000
12.500,2,12.000,149.896,30.000
12.500,3,-24.000,137.896,30.000
12.500,4,24.000,137.896,30.000
12.500,5,-36.000,125.896,30.000
12.500,6,36.000,125.896,30.000
12.500,7,-48.000,113.896,30.000
12.500,8,48.000,113.896,30.000
12.500,9,-60.000,101.896,30.000
12.500,10,60.000,101.896,30.000
12.500,11,-72.000,89.896,30.000
12.500,12,72.000,89.896,30.000
12.500,13,-84.000,77.896,30.000
12.500,14,84.000,77.896,30.000
13.000,0,0.000,168.434,30.000
13.000,1,-12.000,156.434,30.000
13.000,2,12.000,156.434,30.000
13.000,3,-24.000,144.434,30.000
13.000,4,24.000,144.434,30.000
13.000,5,-36.000,132.434,30.000
13.000,6,36.000,132.434,30.000
13.000,7,-48.000,120.434,30.000
13.000,8,48.000,120.434,30.000
13.000,9,-60.000,108.434,30.000
13.000,10,60.000,108.434,30.000
13.000,11,-72.000,96.434,30.000
13.000,12,72.000,96.434,30.000
13.000,13,-84.000,84.434,30.000
13.000,14,84.000,84.434,30.000
13.500,0,0.000,174.490,30.000
13.500,1,-12.000,162.490,30.000
13.500,2,12.000,162.490,30.000
13.500,3,-24.000,150.490,30.000
13.500,4,24.000,150.490,30.000
13.500,5,-36.000,138.490,30.000
13.500,6,36.000,138.490,30.000
13.500,7,-48.000,126.490,30.000
13.500,8,48.000,126.490,30.000
13.500,9,-60.000,114.490,30.000
13.500,10,60.000,114.490,30.000
13.500,11,-72.000,102.490,30.000
13.500,12,72.000,102.490,30.000
13.500,13,-84.000,90.490,30.000
13.500,14,84.000,90.490,30.000
14.000,0,0.000,180.069,30.000
14.000,1,-12.000,168.069,30.000
14.000,2,12.000,168.069,30.000
14.000,3,-24.000,156.069,30.000
14.000,4,24.000,156.069,30.000
14.000,5,-36.000,144.069,30.000
14.000,6,36.000,144.069,30.000
14.000,7,-48.000,132.069,30.000
14.000,8,48.000,132.069,30.000
14.000,9,-60.000,120.069,30.000
14.000,10,60.000,120.069,30.000
14.000,11,-72.000,108.069,30.000
14.000,12,72.000,108.069,30.000
14.000,13,-84.000,96.069,30.000
14.000,14,84.000,96.069,30.000
14.500,0,0.000,185.344,30.000
14.500,1,-12.000,173.344,30.000
14.500,2,12.000,173.344,30.000
14.500,3,-24.000,161.344,30.000
14.500,4,24.000,161.344,30.000
14.500,5,-36.000,149.344,30.000
14.500,6,36.000,149.344,30.000
14.500,7,-48.000,137.344,30.000
14.500,8,48.000,137.344,30.000
14.500,9,-60.000,125.344,30.000
14.500,10,60.000,125.344,30.000
14.500,11,-72.000,113.344,30.000
14.500,12,72.000,113.344,30.000
14.500,13,-84.000,101.344,30.000
14.500,14,84.000,101.344,30.000
15.000,0,0.000,190.589,30.000
15.000,1,-12.000,178.589,30.000
15.000,2,12.000,178.589,30.000
15.000,3,-24.000,166.589,30.000
15.000,4,24.000,166.589,30.000
15.000,5,-36.000,154.589,30.000
15.000,6,36.000,154.589,30.000
15.000,7,-48.000,142.589,30.000
15.000,8,48.000,142.589,30.000
15.000,9,-60.000,130.589,30.000
15.000,10,60.000,130.589,30.000
15.000,11,-72.000,118.589,30.000
15.000,12,72.000,118.589,30.000
15.000,13,-84.000,106.589,30.000
15.000,14,84.000,106.589,30.000
15.500,0,0.000,196.075,30.000
15.500,1,-12.000,184.075,30.000
15.500,2,12.000,184.075,30.000
15.500,3,-24.000,172.075,30.000
15.500,4,24.000,172.075,30.000
15.500,5,-36.000,160.075,30.000
15.500,6,36.000,160.075,30.000
15.500,7,-48.000,148.075,30.000
15.500,8,48.000,148.075,30.000
15.500,9,-60.000,136.075,30.000
15.500,10,60.000,136.075,30.000
15.500,11,-72.000,124.075,30.000
15.500,12,72.000,124.075,30.000
15.500,13,-84.000,112.075,30.000
15.500,14,84.000,112.075,30.000
16.000,0,0.000,201.972,30.000
16.000,1,-12.000,189.972,30.000
16.000,2,12.000,189.972,30.000
16.000,3,-24.000,177.972,30.000
16.000,4,24.000,177.972,30.000
16.000,5,-36.000,165.972,30.000
16.000,6,36.000,165.972,30.000
16.000,7,-48.000,153.972,30.000
16.000,8,48.000,153.972,30.000
16.000,9,-60.000,141.972,30.000
16.000,10,60.000,141.972,30.000
16.000,11,-72.000,129.972,30.000
16.000,12,72.000,129.972,30.000
16.000,13,-84.000,117.972,30.000
16.000,14,84.000,117.972,30.000
16.500,0,0.000,208.296,30.000
16.500,1,-12.000,196.296,30.000
16.500,2,12.000,196.296,30.000
16.500,3,-24.000,184.296,30.000
16.500,4,24.000,184.296,30.000
16.500,5,-36.000,172.296,30.000
16.500,6,36.000,172.296,30.000
16.500,7,-48.000,160.296,30.000
16.500,8,48.000,160.296,30.000
16.500,9,-60.000,148.296,30.000
16.500,10,60.000,148.296,30.000
16.500,11,-72.000,136.296,30.000
16.500,12,72.000,136.296,30.000
16.500,13,-84.000,124.296,30.000
16.500,14,84.000,124.296,30.000
17.000,0,0.000,214.912,30.000
17.000,1,-12.000,202.912,30.000
17.000,2,12.000,202.912,30.000
17.000,3,-24.000,190.912,30.000
17.000,4,24.000,190.912,30.000
17.000,5,-36.000,178.912,30.000
17.000,6,36.000,178.912,30.000
17.000,7,-48.000,166.912,30.000
17.000,8,48.000,166.912,30.000
17.000,9,-60.000,154.912,30.000
17.000,10,60.000,154.912,30.000
17.000,11,-72.000,142.912,30.000
17.000,12,72.000,142.912,30.000
17.000,13,-84.000,130.912,30.000
17.000,14,84.000,130.912,30.000
17.500,0,0.000,221.584,30.000
17.500,1,-12.000,209.584,30.000
17.500,2,12.000,209.584,30.000
17.500,3,-24.000,197.584,30.000
17.500,4,24.000,197.584,30.000
17.500,5,-36.000,185.584,30.000
17.500,6,36.000,185.584,30.000
17.500,7,-48.000,173.584,30.000
17.500,8,48.000,173.584,30.000
17.500,9,-60.000,161.584,30.000
17.500,10,60.000,161.584,30.000
17.500,11,-72.000,149.584,30.000
17.500,12,72.000,149.584,30.000
17.500,13,-84.000,137.584,30.000
17.500,14,84.000,137.584,30.000
18.000,0,0.000,228.071,30.000
18.000,1,-12.000,216.071,30.000
18.000,2,12.000,216.071,30.000
18.000,3,-24.000,204.071,30.000
18.000,4,24.000,204.071,30.000
18.000,5,-36.000,192.071,30.000
18.000,6,36.000,192.071,30.000
18.000,7,-48.000,180.071,30.000
18.000,8,48.000,180.071,30.000
18.000,9,-60.000,168.071,30.000
18.000,10,60.000,168.071,30.000
18.000,11,-72.000,156.071,30.000
18.000,12,72.000,156.071,30.000
18.000,13,-84.000,144.071,30.000
18.000,14,84.000,144.071,30.000
18.500,0,0.000,234.208,30.000
18.500,1,-12.000,222.208,30.000
18.500,2,12.000,222.208,30.000
18.500,3,-24.000,210.208,30.000
18.500,4,24.000,210.208,30.000
18.500,5,-36.000,198.208,30.000
18.500,6,36.000,198.208,30.000
18.500,7,-48.000,186.208,30.000
18.500,8,48.000,186.208,30.000
18.500,9,-60.000,174.208,30.000
18.500,10,60.000,174.208,30.000
18.500,11,-72.000,162.208,30.000
18.500,12,72.000,162.208,30.000
18.500,13,-84.000,150.208,30.000
18.500,14,84.000,150.208,30.000
19.000,0,0.000,239.964,30.000
19.000,1,-12.000,227.964,30.000
19.000,2,12.000,227.964,30.000
19.000,3,-24.000,215.964,30.000
19.000,4,24.000,215.964,30.000
19.000,5,-36.000,203.964,30.000
19.000,6,36.000,203.964,30.000
19.000,7,-48.000,191.964,30.000
19.000,8,48.000,191.964,30.000
19.000,9,-60.000,179.964,30.000
19.000,10,60.000,179.964,30.000
19.000,11,-72.000,167.964,30.000
19.000,12,72.000,167.964,30.000
19.000,13,-84.000,155.964,30.000
19.000,14,84.000,155.964,30.000
19.500,0,0.000,245.445,30.000
19.500,1,-12.000,233.445,30.000
19.500,2,12.000,233.445,30.000
19.500,3,-24.000,221.445,30.000
19.500,4,24.000,221.445,30.000
19.500,5,-36.000,209.445,30.000
19.500,6,36.000,209.445,30.000
19.500,7,-48.000,197.445,30.000
19.500,8,48.000,197.445,30.000
19.500,9,-60.000,185.445,30.000
19.500,10,60.000,185.445,30.000
19.500,11,-72.000,173.445,30.000
19.500,12,72.000,173.445,30.000
19.500,13,-84.000,161.445,30.000
19.500,14,84.000,161.445,30.000
20.000,0,0.000,250.850,30.000
20.000,1,-12.000,238.850,30.000
20.000,2,12.000,238.850,30.000
20.000,3,-24.000,226.850,30.000
20.000,4,24.000,226.850,30.000
20.000,5,-36.000,214.850,30.000
20.000,6,36.000,214.850,30.000
20.000,7,-48.000,202.850,30.000
20.000,8,48.000,202.850,30.000
20.000,9,-60.000,190.850,30.000
20.000,10,60.000,190.850,30.000
20.000,11,-72.000,178.850,30.000
20.000,12,72.000,178.850,30.000
20.000,13,-84.000,166.850,30.000
20.000,14,84.000,166.850,30.000
20.500,0,0.000,256.394,30.000
20.500,1,-12.000,244.394,30.000
20.500,2,12.000,244.394,30.000
20.500,3,-24.000,232.394,30.000
20.500,4,24.000,232.394,30.000
20.500,5,-36.000,220.394,30.000
20.500,6,36.000,220.394,30.000
20.500,7,-48.000,208.394,30.000
20.500,8,48.000,208.394,30.000
20.500,9,-60.000,196.394,30.000
20.500,10,60.000,196.394,30.000
20.500,11,-72.000,184.394,30.000
20.500,12,72.000,184.394,30.000
20.500,13,-84.000,172.394,30.000
20.500,14,84.000,172.394,30.000
21.000,0,0.000,262.233,30.000
21.000,1,-12.000,250.233,30.000
21.000,2,12.000,250.233,30.000
21.000,3,-24.000,238.233,30.000
21.000,4,24.000,238.233,30.000
21.000,5,-36.000,226.233,30.000
21.000,6,36.000,226.233,30.000
21.000,7,-48.000,214.233,30.000
21.000,8,48.000,214.233,30.000
21.000,9,-60.000,202.233,30.000
21.000,10,60.000,202.233,30.000
21.000,11,-72.000,190.233,30.000
21.000,12,72.000,190.233,30.000
21.000,13,-84.000,178.233,30.000
21.000,14,84.000,178.233,30.000
21.500,0,0.000,268.409,30.000
21.500,1,-12.000,256.409,30.000
21.500,2,12.000,256.409,30.000
21.500,3,-24.000,244.409,30.000
21.500,4,24.000,244.409,30.000
21.500,5,-36.000,232.409,30.000
21.500,6,36.000,232.409,30.000
21.500,7,-48.000,220.409,30.000
21.500,8,48.000,220.409,30.000
21.500,9,-60.000,208.409,30.000
21.500,10,60.000,208.409,30.000
21.500,11,-72.000,196.409,30.000
21.500,12,72.000,196.409,30.000
21.500,13,-84.000,184.409,30.000
21.500,14,84.000,184.409,30.000
22.000,0,0.000,274.844,30.000
22.000,1,-12.000,262.844,30.000
22.000,2,12.000,262.844,30.000
22.000,3,-24.000,250.844,30.000
22.000,4,24.000,250.844,30.000
22.000,5,-36.000,238.844,30.000
22.000,6,36.000,238.844,30.000
22.000,7,-48.000,226.844,30.000
22.000,8,48.000,226.844,30.000
22.000,9,-60.000,214.844,30.000
22.000,10,60.000,214.844,30.000
22.000,11,-72.000,202.844,30.000
22.000,12,72.000,202.844,30.000
22.000,13,-84.000,190.844,30.000
22.000,14,84.000,190.844,30.000
22.500,0,0.000,281.368,30.000
22.500,1,-12.000,269.368,30.000
22.500,2,12.000,269.368,30.000
22.500,3,-24.000,257.368,30.000
22.500,4,24.000,257.368,30.000
22.500,5,-36.000,245.368,30.000
22.500,6,36.000,245.368,30.000
22.500,7,-48.000,233.368,30.000
22.500,8,48.000,233.368,30.000
22.500,9,-60.000,221.368,30.000
22.500,10,60.000,221.368,30.000
22.500,11,-72.000,209.368,30.000
22.500,12,72.000,209.368,30.000
22.500,13,-84.000,197.368,30.000
22.500,14,84.000,197.368,30.000
23.000,0,0.000,287.792,30.000
23.000,1,-12.000,275.792,30.000
23.000,2,12.000,275.792,30.000
23.000,3,-24.000,263.792,30.000
23.000,4,24.000,263.792,30.000
23.000,5,-36.000,251.792,30.000
23.000,6,36.000,251.792,30.000
23.000,7,-48.000,239.792,30.000
23.000,8,48.000,239.792,30.000
23.000,9,-60.000,227.792,30.000
23.000,10,60.000,227.792,30.000
23.000,11,-72.000,215.792,30.000
23.000,12,72.000,215.792,30.000
23.000,13,-84.000,203.792,30.000
23.000,14,84.000,203.792,30.000
23.500,0,0.000,293.968,30.000
23.500,1,-12.000,281.968,30.000
23.500,2,12.000,281.968,30.000
23.500,3,-24.000,269.968,30.000
23.500,4,24.000,269.968,30.000
23.500,5,-36.000,257.968,30.000
23.500,6,36.000,257.968,30.000
23.500,7,-48.000,245.968,30.000
23.500,8,48.000,245.968,30.000
23.500,9,-60.000,233.968,30.000
23.500,10,60.000,233.968,30.000
23.500,11,-72.000,221.968,30.000
23.500,12,72.000,221.968,30.000
23.500,13,-84.000,209.968,30.000
23.500,14,84.000,209.968,30.000
24.000,0,0.000,299.847,30.000
24.000,1,-12.000,287.847,30.000
24.000,2,12.000,287.847,30.000
24.000,3,-24.000,275.847,30.000
24.000,4,24.000,275.847,30.000
24.000,5,-36.000,263.847,30.000
24.000,6,36.000,263.847,30.000
24.000,7,-48.000,251.847,30.000
24.000,8,48.000,251.847,30.000
24.000,9,-60.000,239.847,30.000
24.000,10,60.000,239.847,30.000
24.000,11,-72.000,227.847,30.000
24.000,12,72.000,227.847,30.000
24.000,13,-84.000,215.847,30.000
24.000,14,84.000,215.847,30.000
24.500,0,0.000,305.487,30.000
24.500,1,-12.000,293.487,30.000
24.500,2,12.000,293.487,30.000
24.500,3,-24.000,281.487,30.000
24.500,4,24.000,281.487,30.000
24.500,5,-36.000,269.487,30.000
24.500,6,36.000,269.487,30.000
24.500,7,-48.000,257.487,30.000
24.500,8,48.000,257.487,30.000
24.500,9,-60.000,245.487,30.000
24.500,10,60.000,245.487,30.000
24.500,11,-72.000,233.487,30.000
24.500,12,72.000,233.487,30.000
24.500,13,-84.000,221.487,30.000
24.500,14,84.000,221.487,30.000
25.000,0,0.000,311.027,30.000
25.000,1,-12.000,299.027,30.000
25.000,2,12.000,299.027,30.000
25.000,3,-24.000,287.027,30.000
25.000,4,24.000,287.027,30.000
25.000,5,-36.000,275.027,30.000
25.000,6,36.000,275.027,30.000
25.000,7,-48.000,263.027,30.000
25.000,8,48.000,263.027,30.000
25.000,9,-60.000,251.027,30.000
25.000,10,60.000,251.027,30.000
25.000,11,-72.000,239.027,30.000
25.000,12,72.000,239.027,30.000
25.000,13,-84.000,227.027,30.000
25.000,14,84.000,227.027,30.000
25.500,0,0.000,316.637,30.000
25.500,1,-12.000,304.637,30.000
25.500,2,12.000,304.637,30.000
25.500,3,-24.000,292.637,30.000
25.500,4,24.000,292.637,30.000
25.500,5,-36.000,280.637,30.000
25.500,6,36.000,280.637,30.000
25.500,7,-48.000,268.637,30.000
25.500,8,48.000,268.637,30.000
25.500,9,-60.000,256.637,30.000
25.500,10,60.000,256.637,30.000
25.500,11,-72.000,244.637,30.000
25.500,12,72.000,244.637,30.000
25.500,13,-84.000,232.637,30.000
25.500,14,84.000,232.637,30.000
26.000,0,0.000,322.452,30.000
26.000,1,-12.000,310.452,30.000
26.000,2,12.000,310.452,30.000
26.000,3,-24.000,298.452,30.000
26.000,4,24.000,298.452,30.000
26.000,5,-36.000,286.452,30.000
26.000,6,36.000,286.452,30.000
26.000,7,-48.000,274.452,30.000
26.000,8,48.000,274.452,30.000
26.000,9,-60.000,262.452,30.000
26.000,10,60.000,262.452,30.000
26.000,11,-72.000,250.452,30.000
26.000,12,72.000,250.452,30.000
26.000,13,-84.000,238.452,30.000
26.000,14,84.000,238.452,30.000
26.500,0,0.000,328.528,30.000
26.500,1,-12.000,316.528,30.000
26.500,2,12.000,316.528,30.000
26.500,3,-24.000,304.528,30.000
26.500,4,24.000,304.528,30.000
26.500,5,-36.000,292.528,30.000
26.500,6,36.000,292.528,30.000
26.500,7,-48.000,280.528,30.000
26.500,8,48.000,280.528,30.000
26.500,9,-60.000,268.528,30.000
26.500,10,60.000,268.528,30.000
26.500,11,-72.000,256.528,30.000
26.500,12,72.000,256.528,30.000
26.500,13,-84.000,244.528,30.000
26.500,14,84.000,244.528,30.000
27.000,0,0.000,334.824,30.000
27.000,1,-12.000,322.824,30.000
27.000,2,12.000,322.824,30.000
27.000,3,-24.000,310.824,30.000
27.000,4,24.000,310.824,30.000
27.000,5,-36.000,298.824,30.000
27.000,6,36.000,298.824,30.000
27.000,7,-48.000,286.824,30.000
27.000,8,48.000,286.824,30.000
27.000,9,-60.000,274.824,30.000
27.000,10,60.000,274.824,30.000
27.000,11,-72.000,262.824,30.000
27.000,12,72.000,262.824,30.000
27.000,13,-84.000,250.824,30.000
27.000,14,84.000,250.824,30.000
27.500,0,0.000,341.225,30.000
27.500,1,-12.000,329.225,30.000
27.500,2,12.000,329.225,30.000
27.500,3,-24.000,317.225,30.000
27.500,4,24.000,317.225,30.000
27.500,5,-36.000,305.225,30.000
27.500,6,36.000,305.225,30.000
27.500,7,-48.000,293.225,30.000
27.500,8,48.000,293.225,30.000
27.500,9,-60.000,281.225,30.000
27.500,10,60.000,281.225,30.000
27.500,11,-72.000,269.225,30.000
27.500,12,72.000,269.225,30.000
27.500,13,-84.000,257.225,30.000
27.500,14,84.000,257.225,30.000
28.000,0,0.000,347.581,30.000
28.000,1,-12.000,335.581,30.000
28.000,2,12.000,335.581,30.000
28.000,3,-24.000,323.581,30.000
28.000,4,24.000,323.581,30.000
28.000,5,-36.000,311.581,30.000
28.000,6,36.000,311.581,30.000
28.000,7,-48.000,299.581,30.000
28.000,8,48.000,299.581,30.000
28.000,9,-60.000,287.581,30.000
28.000,10,60.000,287.581,30.000
28.000,11,-72.000,275.581,30.000
28.000,12,72.000,275.581,30.000
28.000,13,-84.000,263.581,30.000
28.000,14,84.000,263.581,30.000
28.500,0,0.000,353.769,30.000
28.500,1,-12.000,341.769,30.000
28.500,2,12.000,341.769,30.000
28.500,3,-24.000,329.769,30.000
28.500,4,24.000,329.769,30.000
28.500,5,-36.000,317.769,30.000
28.500,6,36.000,317.769,30.000
28.500,7,-48.000,305.769,30.000
28.500,8,48.000,305.769,30.000
28.500,9,-60.000,293.769,30.000
28.500,10,60.000,293.769,30.000
28.500,11,-72.000,281.769,30.000
28.500,12,72.000,281.769,30.000
28.500,13,-84.000,269.769,30.000
28.500,14,84.000,266.770,30.000
29.000,0,0.000,359.730,30.000
29.000,1,-12.000,347.730,30.000
29.000,2,12.000,347.730,30.000
29.000,3,-24.000,335.730,30.000
29.000,4,24.000,335.730,30.000
29.000,5,-36.000,323.730,30.000
29.000,6,36.000,323.730,30.000
29.000,7,-48.000,311.730,30.000
29.000,8,48.000,311.730,30.000
29.000,9,-60.000,299.730,30.000
29.000,10,60.000,299.730,30.000
29.000,11,-72.000,287.730,30.000
29.000,12,72.000,287.730,30.000
29.000,13,-84.000,275.730,30.000
29.000,14,81.188,270.265,30.000
29.500,0,0.000,365.489,30.000
29.500,1,-12.000,353.489,30.000
29.500,2,12.000,353.489,30.000
29.500,3,-24.000,341.489,30.000
29.500,4,24.000,341.489,30.000
29.500,5,-36.000,329.489,30.000
29.500,6,36.000,329.489,30.000
29.500,7,-48.000,317.489,30.000
29.500,8,48.000,317.489,30.000
29.500,9,-60.000,305.489,30.000
29.500,10,60.000,305.489,30.000
29.500,11,-72.000,293.489,30.000
29.500,12,72.000,293.489,30.000
29.500,13,-84.000,281.489,30.000
29.500,14,75.680,273.859,30.000
30.000,0,0.000,371.142,30.000
30.000,1,-12.000,359.142,30.000
30.000,2,12.000,359.142,30.000
30.000,3,-24.000,347.142,30.000
30.000,4,24.000,347.142,30.000
30.000,5,-36.000,335.142,30.000
30.000,6,36.000,335.142,30.000
30.000,7,-48.000,323.142,30.000
30.000,8,48.000,323.142,30.000
30.000,9,-60.000,311.142,30.000
30.000,10,60.000,311.142,30.000
30.000,11,-72.000,299.142,30.000
30.000,12,72.000,299.142,30.000
30.000,13,-84.000,287.142,30.000
30.000,14,72.485,279.267,30.000
30.500,0,0.000,376.818,30.000
30.500,1,-12.000,364.818,30.000
30.500,2,12.000,364.818,30.000
30.500,3,-24.000,352.818,30.000
30.500,4,24.000,352.818,30.000
30.500,5,-36.000,340.818,30.000
30.500,6,36.000,340.818,30.000
30.500,7,-48.000,328.818,30.000
30.500,8,48.000,328.818,30.000
30.500,9,-60.000,316.818,30.000
30.500,10,60.000,316.818,30.000
30.500,11,-72.000,304.818,30.000
30.500,12,72.000,304.818,30.000
30.500,13,-84.000,292.818,30.000
30.500,14,71.720,286.127,30.000
31.000,0,0.000,382.631,30.000
31.000,1,-12.000,370.631,30.000
31.000,2,12.000,370.631,30.000
31.000,3,-24.000,358.631,30.000
31.000,4,24.000,358.631,30.000
31.000,5,-36.000,346.631,30.000
31.000,6,36.000,346.631,30.000
31.000,7,-48.000,334.631,30.000
31.000,8,48.000,334.631,30.000
31.000,9,-60.000,322.631,30.000
31.000,10,60.000,322.631,30.000
31.000,11,-72.000,310.631,30.000
31.000,12,72.000,310.631,30.000
31.000,13,-84.000,298.631,30.000
31.000,14,73.245,293.470,30.000
31.500,0,0.000,388.642,30.000
31.500,1,-12.000,376.642,30.000
31.500,2,12.000,376.642,30.000
31.500,3,-24.000,364.642,30.000
31.500,4,24.000,364.642,30.000
31.500,5,-36.000,352.642,30.000
31.500,6,36.000,352.642,30.000
31.500,7,-48.000,340.642,30.000
31.500,8,48.000,340.642,30.000
31.500,9,-60.000,328.642,30.000
31.500,10,60.000,328.642,30.000
31.500,11,-72.000,316.642,30.000
31.500,12,72.000,316.642,30.000
31.500,13,-84.000,304.642,30.000
31.500,14,76.376,300.285,30.000
32.000,0,0.000,394.835,30.000
32.000,1,-12.000,382.835,30.000
32.000,2,12.000,382.835,30.000
32.000,3,-24.000,370.835,30.000
32.000,4,24.000,370.835,30.000
32.000,5,-36.000,358.835,30.000
32.000,6,36.000,358.835,30.000
32.000,7,-48.000,346.835,30.000
32.000,8,48.000,346.835,30.000
32.000,9,-60.000,334.835,30.000
32.000,10,60.000,334.835,30.000
32.000,11,-72.000,322.835,30.000
32.000,12,72.000,322.835,30.000
32.000,13,-84.000,310.835,30.000
32.000,14,80.429,306.596,30.000
32.500,0,0.000,401.134,30.000
32.500,1,-12.000,389.134,30.000
32.500,2,12.000,389.134,30.000
32.500,3,-24.000,377.134,30.000
32.500,4,24.000,377.134,30.000
32.500,5,-36.000,365.134,30.000
32.500,6,36.000,365.134,30.000
32.500,7,-48.000,353.134,30.000
32.500,8,48.000,353.134,30.000
32.500,9,-60.000,341.134,30.000
32.500,10,60.000,341.134,30.000
32.500,11,-72.000,329.134,30.000
32.500,12,72.000,329.134,30.000
32.500,13,-84.000,317.134,30.000
32.500,14,81.430,312.696,30.000
33.000,0,0.000,407.427,30.000
33.000,1,-12.000,395.427,30.000
33.000,2,12.000,395.427,30.000
33.000,3,-24.000,383.427,30.000
33.000,4,24.000,383.427,30.000
33.000,5,-36.000,371.427,30.000
33.000,6,36.000,371.427,30.000
33.000,7,-48.000,359.427,30.000
33.000,8,48.000,359.427,30.000
33.000,9,-60.000,347.427,30.000
33.000,10,60.000,347.427,30.000
33.000,11,-72.000,335.427,30.000
33.000,12,72.000,335.427,30.000
33.000,13,-84.000,323.427,30.000
33.000,14,79.548,318.793,30.000
33.500,0,0.000,413.609,30.000
33.500,1,-12.000,401.609,30.000
33.500,2,12.000,401.609,30.000
33.500,3,-24.000,389.609,30.000
33.500,4,24.000,389.609,30.000
33.500,5,-36.000,377.609,30.000
33.500,6,36.000,377.609,30.000
33.500,7,-48.000,365.609,30.000
33.500,8,48.000,365.609,30.000
33.500,9,-60.000,353.609,30.000
33.500,10,60.000,353.609,30.000
33.500,11,-72.000,341.609,30.000
33.500,12,72.000,341.609,30.000
33.500,13,-84.000,329.609,30.000
33.500,14,79.350,326.290,30.000
34.000,0,0.000,419.621,30.000
34.000,1,-12.000,407.621,30.000
34.000,2,12.000,407.621,30.000
34.000,3,-24.000,395.621,30.000
34.000,4,24.000,395.621,30.000
34.000,5,-36.000,383.621,30.000
34.000,6,36.000,383.621,30.000
34.000,7,-48.000,371.621,30.000
34.000,8,48.000,371.621,30.000
34.000,9,-60.000,359.621,30.000
34.000,10,60.000,359.621,30.000
34.000,11,-72.000,347.621,30.000
34.000,12,72.000,347.621,30.000
34.000,13,-84.000,335.621,30.000
34.000,14,80.635,333.679,30.000
34.500,0,0.000,425.468,30.000
34.500,1,-12.000,413.468,30.000
34.500,2,12.000,413.468,30.000
34.500,3,-24.000,401.468,30.000
34.500,4,24.000,401.468,30.000
34.500,5,-36.000,389.468,30.000
34.500,6,36.000,389.468,30.000
34.500,7,-48.000,377.468,30.000
34.500,8,48.000,377.468,30.000
34.500,9,-60.000,365.468,30.000
34.500,10,60.000,365.468,30.000
34.500,11,-72.000,353.468,30.000
34.500,12,72.000,353.468,30.000
34.500,13,-84.000,341.468,30.000
34.500,14,79.006,340.761,30.000
35.000,0,0.000,431.212,30.000
35.000,1,-12.000,419.212,30.000
35.000,2,12.000,419.212,30.000
35.000,3,-24.000,407.212,30.000
35.000,4,24.000,407.212,30.000
35.000,5,-36.000,395.212,30.000
35.000,6,36.000,395.212,30.000
35.000,7,-48.000,383.212,30.000
35.000,8,48.000,383.212,30.000
35.000,9,-60.000,371.212,30.000
35.000,10,60.000,371.212,30.000
35.000,11,-72.000,359.212,30.000
35.000,12,72.000,359.212,30.000
35.000,13,-84.000,347.212,30.000
35.000,14,79.238,347.931,30.000
35.500,0,0.000,436.949,30.000
35.500,1,-12.000,424.949,30.000
35.500,2,12.000,424.949,30.000
35.500,3,-24.000,412.949,30.000
35.500,4,24.000,412.949,30.000
35.500,5,-36.000,400.949,30.000
35.500,6,36.000,400.949,30.000
35.500,7,-48.000,388.949,30.000
35.500,8,48.000,388.949,30.000
35.500,9,-60.000,376.949,30.000
35.500,10,60.000,376.949,30.000
35.500,11,-72.000,364.949,30.000
35.500,12,72.000,364.949,30.000
35.500,13,-84.000,352.949,30.000
35.500,14,81.155,354.766,30.000
36.000,0,0.000,442.774,30.000
36.000,1,-12.000,430.774,30.000
36.000,2,12.000,430.774,30.000
36.000,3,-24.000,418.774,30.000
36.000,4,24.000,418.774,30.000
36.000,5,-36.000,406.774,30.000
36.000,6,36.000,406.774,30.000
36.000,7,-48.000,394.774,30.000
36.000,8,48.000,394.774,30.000
36.000,9,-60.000,382.774,30.000
36.000,10,60.000,382.774,30.000
36.000,11,-72.000,370.774,30.000
36.000,12,72.000,370.774,30.000
36.000,13,-84.000,358.774,30.000
36.000,14,83.989,360.987,30.000
36.500,0,0.000,448.745,30.000
36.500,1,-12.000,436.745,30.000
36.500,2,12.000,436.745,30.000
36.500,3,-24.000,424.745,30.000
36.500,4,24.000,424.745,30.000
36.500,5,-36.000,412.745,30.000
36.500,6,36.000,412.745,30.000
36.500,7,-48.000,400.745,30.000
36.500,8,48.000,400.745,30.000
36.500,9,-60.000,388.745,30.000
36.500,10,60.000,388.745,30.000
36.500,11,-72.000,376.745,30.000
36.500,12,72.000,376.745,30.000
36.500,13,-84.000,364.745,30.000
36.500,14,86.686,366.545,30.000
37.000,0,0.000,454.864,30.000
37.000,1,-12.000,442.864,30.000
37.000,2,12.000,442.864,30.000
37.000,3,-24.000,430.864,30.000
37.000,4,24.000,430.864,30.000
37.000,5,-36.000,418.864,30.000
37.000,6,36.000,418.864,30.000
37.000,7,-48.000,406.864,30.000
37.000,8,48.000,406.864,30.000
37.000,9,-60.000,394.864,30.000
37.000,10,60.000,394.864,30.000
37.000,11,-72.000,382.864,30.000
37.000,12,72.000,382.864,30.000
37.000,13,-84.000,370.864,30.000
37.000,14,88.291,371.631,30.000
37.500,0,0.000,461.082,30.000
37.500,1,-12.000,449.082,30.000
37.500,2,12.000,449.082,30.000
37.500,3,-24.000,437.082,30.000
37.500,4,24.000,437.082,30.000
37.500,5,-36.000,425.082,30.000
37.500,6,36.000,425.082,30.000
37.500,7,-48.000,413.082,30.000
37.500,8,48.000,413.082,30.000
37.500,9,-60.000,401.082,30.000
37.500,10,60.000,401.082,30.000
37.500,11,-72.000,389.082,30.000
37.500,12,72.000,389.082,30.000
37.500,13,-84.000,377.082,30.000
37.500,14,88.287,376.594,30.000
38.000,0,0.000,467.316,30.000
38.000,1,-12.000,455.316,30.000
38.000,2,12.000,455.316,30.000
38.000,3,-24.000,443.316,30.000
38.000,4,24.000,443.316,30.000
38.000,5,-36.000,431.316,30.000
38.000,6,36.000,431.316,30.000
38.000,7,-48.000,419.316,30.000
38.000,8,48.000,419.316,30.000
38.000,9,-60.000,407.316,30.000
38.000,10,60.000,407.316,30.000
38.000,11,-72.000,395.316,30.000
38.000,12,72.000,395.316,30.000
38.000,13,-84.000,383.316,30.000
38.000,14,86.756,381.810,30.000
38.500,0,0.000,473.482,30.000
38.500,1,-12.000,461.482,30.000
38.500,2,12.000,461.482,30.000
38.500,3,-24.000,449.482,30.000
38.500,4,24.000,449.482,30.000
38.500,5,-36.000,437.482,30.000
38.500,6,36.000,437.482,30.000
38.500,7,-48.000,425.482,30.000
38.500,8,48.000,425.482,30.000
38.500,9,-60.000,413.482,30.000
38.500,10,60.000,413.482,30.000
38.500,11,-72.000,401.482,30.000
38.500,12,72.000,401.482,30.000
38.500,13,-84.000,389.482,30.000
38.500,14,84.320,387.545,30.000
39.000,0,0.000,479.524,30.000
39.000,1,-12.000,467.524,30.000
39.000,2,12.000,467.524,30.000
39.000,3,-24.000,455.524,30.000
39.000,4,24.000,455.524,30.000
39.000,5,-36.000,443.524,30.000
39.000,6,36.000,443.524,30.000
39.000,7,-48.000,431.524,30.000
39.000,8,48.000,431.524,30.000
39.000,9,-60.000,419.524,30.000
39.000,10,60.000,419.524,30.000
39.000,11,-72.000,407.524,30.000
39.000,12,72.000,407.524,30.000
39.000,13,-84.000,395.524,30.000
39.000,14,81.891,393.868,30.000
39.500,0,0.000,485.434,30.000
39.500,1,-12.000,473.434,30.000
39.500,2,12.000,473.434,30.000
39.500,3,-24.000,461.434,30.000
39.500,4,24.000,461.434,30.000
39.500,5,-36.000,449.434,30.000
39.500,6,36.000,449.434,30.000
39.500,7,-48.000,437.434,30.000
39.500,8,48.000,437.434,30.000
39.500,9,-60.000,425.434,30.000
39.500,10,60.000,425.434,30.000
39.500,11,-72.000,413.434,30.000
39.500,12,72.000,413.434,30.000
39.500,13,-84.000,401.434,30.000
39.500,14,80.336,400.634,30.000
40.000,0,0.000,491.250,30.000
40.000,1,-12.000,479.250,30.000
40.000,2,12.000,479.250,30.000
40.000,3,-24.000,467.250,30.000
40.000,4,24.000,467.250,30.000
40.000,5,-36.000,455.250,30.000
40.000,6,36.000,455.250,30.000
40.000,7,-48.000,443.250,30.000
40.000,8,48.000,443.250,30.000
40.000,9,-60.000,431.250,30.000
40.000,10,60.000,431.250,30.000
40.000,11,-72.000,419.250,30.000
40.000,12,72.000,419.250,30.000
40.000,13,-84.000,407.250,30.000
40.000,14,80.163,407.549,30.000
40.500,0,0.000,497.042,30.000
40.500,1,-12.000,485.042,30.000
40.500,2,12.000,485.042,30.000
40.500,3,-24.000,473.042,30.000
40.500,4,24.000,473.042,30.000
40.500,5,-36.000,461.042,30.000
40.500,6,36.000,461.042,30.000
40.500,7,-48.000,449.042,30.000
40.500,8,48.000,449.042,30.000
40.500,9,-60.000,437.042,30.000
40.500,10,60.000,437.042,30.000
40.500,11,-72.000,425.042,30.000
40.500,12,72.000,425.042,30.000
40.500,13,-84.000,413.042,30.000
40.500,14,81.366,414.279,30.000
41.000,0,0.000,502.886,30.000
41.000,1,-12.000,490.886,30.000
41.000,2,12.000,490.886,30.000
41.000,3,-24.000,478.886,30.000
41.000,4,24.000,478.886,30.000
41.000,5,-36.000,466.886,30.000
41.000,6,36.000,466.886,30.000
41.000,7,-48.000,454.886,30.000
41.000,8,48.000,454.886,30.000
41.000,9,-60.000,442.886,30.000
41.000,10,60.000,442.886,30.000
41.000,11,-72.000,430.886,30.000
41.000,12,72.000,430.886,30.000
41.000,13,-84.000,418.886,30.000
41.000,14,83.447,420.572,30.000
41.500,0,0.000,508.835,30.000
41.500,1,-12.000,496.835,30.000
41.500,2,12.000,496.835,30.000
41.500,3,-24.000,484.835,30.000
41.500,4,24.000,484.835,30.000
41.500,5,-36.000,472.835,30.000
41.500,6,36.000,472.835,30.000
41.500,7,-48.000,460.835,30.000
41.500,8,48.000,460.835,30.000
41.500,9,-60.000,448.835,30.000
41.500,10,60.000,448.835,30.000
41.500,11,-72.000,436.835,30.000
41.500,12,72.000,436.835,30.000
41.500,13,-84.000,424.835,30.000
41.500,14,85.621,426.348,30.000
42.000,0,0.000,514.901,30.000
42.000,1,-12.000,502.901,30.000
42.000,2,12.000,502.901,30.000
42.000,3,-24.000,490.901,30.000
42.000,4,24.000,490.901,30.000
42.000,5,-36.000,478.901,30.000
42.000,6,36.000,478.901,30.000
42.000,7,-48.000,466.901,30.000
42.000,8,48.000,466.901,30.000
42.000,9,-60.000,454.901,30.000
42.000,10,60.000,454.901,30.000
42.000,11,-72.000,442.901,30.000
42.000,12,72.000,442.901,30.000
42.000,13,-84.000,430.901,30.000
42.000,14,87.109,431.710,30.000
42.500,0,0.000,521.055,30.000
42.500,1,-12.000,509.055,30.000
42.500,2,12.000,509.055,30.000
42.500,3,-24.000,497.055,30.000
42.500,4,24.000,497.055,30.000
42.500,5,-36.000,485.055,30.000
42.500,6,36.000,485.055,30.000
42.500,7,-48.000,473.055,30.000
42.500,8,48.000,473.055,30.000
42.500,9,-60.000,461.055,30.000
42.500,10,60.000,461.055,30.000
42.500,11,-72.000,449.055,30.000
42.500,12,72.000,449.055,30.000
42.500,13,-84.000,437.055,30.000
42.500,14,87.415,436.908,30.000
43.000,0,0.000,527.239,30.000
43.000,1,-12.000,515.239,30.000
43.000,2,12.000,515.239,30.000
43.000,3,-24.000,503.239,30.000
43.000,4,24.000,503.239,30.000
43.000,5,-36.000,491.239,30.000
43.000,6,36.000,491.239,30.000
43.000,7,-48.000,479.239,30.000
43.000,8,48.000,479.239,30.000
43.000,9,-60.000,467.239,30.000
43.000,10,60.000,467.239,30.000
43.000,11,-72.000,455.239,30.000
43.000,12,72.000,455.239,30.000
43.000,13,-84.000,443.239,30.000
43.000,14,86.489,442.235,30.000
43.500,0,0.000,533.384,30.000
43.500,1,-12.000,521.384,30.000
43.500,2,12.000,521.384,30.000
43.500,3,-24.000,509.384,30.000
43.500,4,24.000,509.384,30.000
43.500,5,-36.000,497.384,30.000
43.500,6,36.000,497.384,30.000
43.500,7,-48.000,485.384,30.000
43.500,8,48.000,485.384,30.000
43.500,9,-60.000,473.384,30.000
43.500,10,60.000,473.384,30.000
43.500,11,-72.000,461.384,30.000
43.500,12,72.000,461.384,30.000
43.500,13,-84.000,449.384,30.000
43.500,14,84.722,447.924,30.000
44.000,0,0.000,539.442,30.000
44.000,1,-12.000,527.442,30.000
44.000,2,12.000,527.442,30.000
44.000,3,-24.000,515.442,30.000
44.000,4,24.000,515.442,30.000
44.000,5,-36.000,503.442,30.000
44.000,6,36.000,503.442,30.000
44.000,7,-48.000,491.442,30.000
44.000,8,48.000,491.442,30.000
44.000,9,-60.000,479.442,30.000
44.000,10,60.000,479.442,30.000
44.000,11,-72.000,467.442,30.000
44.000,12,72.000,467.442,30.000
44.000,13,-84.000,455.442,30.000
44.000,14,82.787,454.069,30.000
44.500,0,0.000,545.395,30.000
44.500,1,-12.000,533.395,30.000
44.500,2,12.000,533.395,30.000
44.500,3,-24.000,521.395,30.000
44.500,4,24.000,521.395,30.000
44.500,5,-36.000,509.395,30.000
44.500,6,36.000,509.395,30.000
44.500,7,-48.000,497.395,30.000
44.500,8,48.000,497.395,30.000
44.500,9,-60.000,485.395,30.000
44.500,10,60.000,485.395,30.000
44.500,11,-72.000,473.395,30.000
44.500,12,72.000,473.395,30.000
44.500,13,-84.000,461.395,30.000
44.500,14,81.381,460.594,30.000
45.000,0,0.000,551.267,30.000
45.000,1,-12.000,539.267,30.000
45.000,2,12.000,539.267,30.000
45.000,3,-24.000,527.267,30.000
45.000,4,24.000,527.267,30.000
45.000,5,-36.000,515.267,30.000
45.000,6,36.000,515.267,30.000
45.000,7,-48.000,503.267,30.000
45.000,8,48.000,503.267,30.000
45.000,9,-60.000,491.267,30.000
45.000,10,60.000,491.267,30.000
45.000,11,-72.000,479.267,30.000
45.000,12,72.000,479.267,30.000
45.000,13,-84.000,467.267,30.000
45.000,14,80.978,467.294,30.000
45.500,0,0.000,557.106,30.000
45.500,1,-12.000,545.106,30.000
45.500,2,12.000,545.106,30.000
45.500,3,-24.000,533.106,30.000
45.500,4,24.000,533.106,30.000
45.500,5,-36.000,521.106,30.000
45.500,6,36.000,521.106,30.000
45.500,7,-48.000,509.106,30.000
45.500,8,48.000,509.106,30.000
45.500,9,-60.000,497.106,30.000
45.500,10,60.000,497.106,30.000
45.500,11,-72.000,485.106,30.000
45.500,12,72.000,485.106,30.000
45.500,13,-84.000,473.106,30.000
45.500,14,81.671,473.910,30.000
46.000,0,0.000,562.971,30.000
46.000,1,-12.000,550.971,30.000
46.000,2,12.000,550.971,30.000
46.000,3,-24.000,538.971,30.000
46.000,4,24.000,538.971,30.000
46.000,5,-36.000,526.971,30.000
46.000,6,36.000,526.971,30.000
46.000,7,-48.000,514.971,30.000
46.000,8,48.000,514.971,30.000
46.000,9,-60.000,502.971,30.000
46.000,10,60.000,502.971,30.000
46.000,11,-72.000,490.971,30.000
46.000,12,72.000,490.971,30.000
46.000,13,-84.000,478.971,30.000
46.000,14,83.160,480.228,30.000
46.500,0,0.000,568.910,30.000
46.500,1,-12.000,556.910,30.000
46.500,2,12.000,556.910,30.000
46.500,3,-24.000,544.910,30.000
46.500,4,24.000,544.910,30.000
46.500,5,-36.000,532.910,30.000
46.500,6,36.000,532.910,30.000
46.500,7,-48.000,520.910,30.000
46.500,8,48.000,520.910,30.000
46.500,9,-60.000,508.910,30.000
46.500,10,60.000,508.910,30.000
46.500,11,-72.000,496.910,30.000
46.500,12,72.000,496.910,30.000
46.500,13,-84.000,484.910,30.000
46.500,14,84.874,486.149,30.000
47.000,0,0.000,574.940,30.000
47.000,1,-12.000,562.940,30.000
47.000,2,12.000,562.940,30.000
47.000,3,-24.000,550.940,30.000
47.000,4,24.000,550.940,30.000
47.000,5,-36.000,538.940,30.000
47.000,6,36.000,538.940,30.000
47.000,7,-48.000,526.940,30.000
47.000,8,48.000,526.940,30.000
47.000,9,-60.000,514.940,30.000
47.000,10,60.000,514.940,30.000
47.000,11,-72.000,502.940,30.000
47.000,12,72.000,502.940,30.000
47.000,13,-84.000,490.940,30.000
47.000,14,86.190,491.720,30.000
47.500,0,0.000,581.047,30.000
47.500,1,-12.000,569.047,30.000
47.500,2,12.000,569.047,30.000
47.500,3,-24.000,557.047,30.000
47.500,4,24.000,557.047,30.000
47.500,5,-36.000,545.047,30.000
47.500,6,36.000,545.047,30.000
47.500,7,-48.000,533.047,30.000
47.500,8,48.000,533.047,30.000
47.500,9,-60.000,521.047,30.000
47.500,10,60.000,521.047,30.000
47.500,11,-72.000,509.047,30.000
47.500,12,72.000,509.047,30.000
47.500,13,-84.000,497.047,30.000
47.500,14,86.661,497.113,30.000
48.000,0,0.000,587.187,30.000
48.000,1,-12.000,575.187,30.000
48.000,2,12.000,575.187,30.000
48.000,3,-24.000,563.187,30.000
48.000,4,24.000,563.187,30.000
48.000,5,-36.000,551.187,30.000
48.000,6,36.000,551.187,30.000
48.000,7,-48.000,539.187,30.000
48.000,8,48.000,539.187,30.000
48.000,9,-60.000,527.187,30.000
48.000,10,60.000,527.187,30.000
48.000,11,-72.000,515.187,30.000
48.000,12,72.000,515.187,30.000
48.000,13,-84.000,503.187,30.000
48.000,14,86.160,502.552,30.000
48.500,0,0.000,593.310,30.000
48.500,1,-12.000,581.310,30.000
48.500,2,12.000,581.310,30.000
48.500,3,-24.000,569.310,30.000
48.500,4,24.000,569.310,30.000
48.500,5,-36.000,557.310,30.000
48.500,6,36.000,557.310,30.000
48.500,7,-48.000,545.310,30.000
48.500,8,48.000,545.310,30.000
48.500,9,-60.000,533.310,30.000
48.500,10,60.000,533.310,30.000
48.500,11,-72.000,521.310,30.000
48.500,12,72.000,521.310,30.000
48.500,13,-84.000,509.310,30.000
48.500,14,84.914,508.235,30.000
49.000,0,0.000,599.373,30.000
49.000,1,-12.000,587.373,30.000
49.000,2,12.000,587.373,30.000
49.000,3,-24.000,575.373,30.000
49.000,4,24.000,575.373,30.000
49.000,5,-36.000,563.373,30.000
49.000,6,36.000,563.373,30.000
49.000,7,-48.000,551.373,30.000
49.000,8,48.000,551.373,30.000
49.000,9,-60.000,539.373,30.000
49.000,10,60.000,539.373,30.000
49.000,11,-72.000,527.373,30.000
49.000,12,72.000,527.373,30.000
49.000,13,-84.000,515.373,30.000
49.000,14,83.406,514.263,30.000
