# ==========================================
# 智能动态规划轨迹 | cross
# 起点: 0,0,30 -> 终点: 0,600,30
# Format: time(s) nodeId x(m) y(m) z(m)
# ==========================================
0.000,0,0.000,5.700,30.000
0.000,1,0.000,18.413,30.000
0.000,2,0.000,30.413,30.000
0.000,3,0.000,42.413,30.000
0.000,4,0.000,54.413,30.000
0.000,5,0.000,-6.300,30.000
0.000,6,0.000,-18.300,30.000
0.000,7,0.000,-30.300,30.000
0.000,8,0.000,-42.300,30.000
0.000,9,12.000,5.700,30.000
0.000,10,24.000,5.700,30.000
0.000,11,36.000,5.700,30.000
0.000,12,-12.000,5.700,30.000
0.000,13,-24.000,5.700,30.000
0.000,14,-36.000,5.700,30.000
0.500,0,0.000,13.200,30.000
0.500,1,0.000,25.913,30.000
0.500,2,0.000,37.913,30.000
0.500,3,0.000,49.913,30.000
0.500,4,0.000,61.913,30.000
0.500,5,0.000,1.200,30.000
0.500,6,0.000,-10.800,30.000
0.500,7,0.000,-22.800,30.000
0.500,8,0.000,-34.800,30.000
0.500,9,12.000,13.200,30.000
0.500,10,24.000,13.200,30.000
0.500,11,36.000,13.200,30.000
0.500,12,-12.000,13.200,30.000
0.500,13,-24.000,13.200,30.000
0.500,14,-36.000,13.200,30.000
1.000,0,0.000,20.700,30.000
1.000,1,0.000,33.413,30.000
1.000,2,0.000,45.413,30.000
1.000,3,0.000,57.413,30.000
1.000,4,0.000,69.412,30.000
1.000,5,0.000,8.700,30.000
1.000,6,0.000,-3.300,30.000
1.000,7,0.000,-15.300,30.000
1.000,8,0.000,-27.300,30.000
1.000,9,12.000,20.700,30.000
1.000,10,24.000,20.700,30.000
1.000,11,36.000,20.700,30.000
1.000,12,-12.000,20.700,30.000
1.000,13,-24.000,20.700,30.000
1.000,14,-36.000,20.700,30.000
1.500,0,0.000,28.200,30.000
1.500,1,0.000,40.913,30.000
1.500,2,0.000,52.913,30.000
1.500,3,0.000,64.912,30.000
1.500,4,0.000,76.912,30.000
1.500,5,0.000,16.200,30.000
1.500,6,0.000,4.200,30.000
1.500,7,0.000,-7.800,30.000
1.500,8,0.000,-19.800,30.000
1.500,9,12.000,28.200,30.000
1.500,10,24.000,28.200,30.000
1.500,11,36.000,28.200,30.000
1.500,12,-12.000,28.200,30.000
1.500,13,-24.000,28.200,30.000
1.500,14,-36.000,28.200,30.000
2.000,0,0.000,35.700,30.000
2.000,1,0.000,48.413,30.000
2.000,2,0.000,60.413,30.000
2.000,3,0.000,72.412,30.000
2.000,4,0.000,84.412,30.000
2.000,5,0.000,23.700,30.000
2.000,6,0.000,11.700,30.000
2.000,7,0.000,-0.300,30.000
2.000,8,0.000,-12.300,30.000
2.000,9,12.000,35.700,30.000
2.000,10,24.000,35.700,30.000
2.000,11,36.000,35.700,30.000
2.000,12,-12.000,35.700,30.000
2.000,13,-24.000,35.700,30.000
2.000,14,-36.000,35.700,30.000
2.500,0,0.000,42.932,30.000
2.500,1,0.000,55.913,30.000
2.500,2,0.000,67.912,30.000
2.500,3,0.000,79.912,30.000
2.500,4,0.000,91.912,30.000
2.500,5,0.000,30.932,30.000
2.500,6,0.000,18.932,30.000
2.500,7,0.000,6.932,30.000
2.500,8,0.000,-5.068,30.000
2.500,9,12.000,42.932,30.000
2.500,10,24.000,42.932,30.000
2.500,11,36.000,42.932,30.000
2.500,12,-12.000,42.932,30.000
2.500,13,-24.000,42.932,30.000
2.500,14,-36.000,42.932,30.000
3.000,0,0.000,49.470,30.000
3.000,1,0.000,63.093,30.000
3.000,2,0.000,75.342,30.000
3.000,3,0.000,87.395,30.000
3.000,4,0.000,99.408,30.000
3.000,5,0.000,37.470,30.000
3.000,6,0.000,25.470,30.000
3.000,7,0.000,13.470,30.000
3.000,8,0.000,1.470,30.000
3.000,9,12.000,49.470,30.000
3.000,10,24.000,49.470,30.000
3.000,11,36.000,49.470,30.000
3.000,12,-12.000,49.470,30.000
3.000,13,-24.000,49.470,30.000
3.000,14,-36.000,49.470,30.000
3.500,0,0.000,55.158,30.000
3.500,1,0.000,69.412,30.000
3.500,2,0.000,82.010,30.000
3.500,3,0.000,94.177,30.000
3.500,4,0.000,106.222,30.000
3.500,5,0.000,43.158,30.000
3.500,6,0.000,31.158,30.000
3.500,7,0.000,19.158,30.000
3.500,8,0.000,7.158,30.000
3.500,9,12.000,55.158,30.000
3.500,10,24.000,55.158,30.000
3.500,11,36.000,55.158,30.000
3.500,12,-12.000,55.158,30.000
3.500,13,-24.000,55.158,30.000
3.500,14,-36.000,55.158,30.000
4.000,0,0.000,60.149,30.000
4.000,1,0.000,74.712,30.000
4.000,2,0.000,87.567,30.000
4.000,3,0.000,99.850,30.000
4.000,4,0.000,111.937,30.000
4.000,5,0.000,48.149,30.000
4.000,6,0.000,36.149,30.000
4.000,7,0.000,24.149,30.000
4.000,8,0.000,12.149,30.000
4.000,9,12.000,60.149,30.000
4.000,10,24.000,60.149,30.000
4.000,11,36.000,60.149,30.000
4.000,12,-12.000,60.149,30.000
4.000,13,-24.000,60.149,30.000
4.000,14,-36.000,60.149,30.000
4.500,0,0.000,64.837,30.000
4.500,1,0.000,79.262,30.000
4.500,2,0.000,92.148,30.000
4.500,3,0.000,104.484,30.000
4.500,4,0.000,116.601,30.000
4.500,5,0.000,52.837,30.000
4.500,6,0.000,40.837,30.000
4.500,7,0.000,28.837,30.000
4.500,8,0.000,16.837,30.000
4.500,9,12.000,64.837,30.000
4.500,10,24.000,64.837,30.000
4.500,11,36.000,64.837,30.000
4.500,12,-12.000,64.837,30.000
4.500,13,-24.000,64.837,30.000
4.500,14,-36.000,64.837,30.000
5.000,0,0.000,69.705,30.000
5.000,1,0.000,83.631,30.000
5.000,2,0.000,96.292,30.000
5.000,3,0.000,108.582,30.000
5.000,4,0.000,120.698,30.000
5.000,5,0.000,57.705,30.000
5.000,6,0.000,45.705,30.000
5.000,7,0.000,33.705,30.000
5.000,8,0.000,21.705,30.000
5.000,9,12.000,69.705,30.000
5.000,10,24.000,69.705,30.000
5.000,11,36.000,69.705,30.000
5.000,12,-12.000,69.705,30.000
5.000,13,-24.000,69.705,30.000
5.000,14,-36.000,69.705,30.000
5.500,0,0.000,75.148,30.000
5.500,1,0.000,88.474,30.000
5.500,2,0.000,100.732,30.000
5.500,3,0.000,112.872,30.000
5.500,4,0.000,124.948,30.000
5.500,5,0.000,63.148,30.000
5.500,6,0.000,51.148,30.000
5.500,7,0.000,39.148,30.000
5.500,8,0.000,27.148,30.000
5.500,9,12.000,75.148,30.000
5.500,10,24.000,75.148,30.000
5.500,11,36.000,75.148,30.000
5.500,12,-12.000,75.148,30.000
5.500,13,-24.000,75.148,30.000
5.500,14,-36.000,75.148,30.000
6.000,0,0.000,81.334,30.000
6.000,1,0.000,94.283,30.000
6.000,2,0.000,106.139,30.000
6.000,3,0.000,118.056,30.000
6.000,4,0.000,130.049,30.000
6.000,5,0.000,69.334,30.000
6.000,6,0.000,57.334,30.000
6.000,7,0.000,45.334,30.000
6.000,8,0.000,33.334,30.000
6.000,9,12.000,81.334,30.000
6.000,10,24.000,81.334,30.000
6.000,11,36.000,81.334,30.000
6.000,12,-12.000,81.334,30.000
6.000,13,-24.000,81.334,30.000
6.000,14,-36.000,81.334,30.000
6.500,0,0.000,88.161,30.000
6.500,1,0.000,101.190,30.000
6.500,2,0.000,112.898,30.000
6.500,3,0.000,124.593,30.000
6.500,4,0.000,136.462,30.000
6.500,5,0.000,76.161,30.000
6.500,6,0.000,64.161,30.000
6.500,7,0.000,52.161,30.000
6.500,8,0.000,40.161,30.000
6.500,9,12.000,88.161,30.000
6.500,10,24.000,88.161,30.000
6.500,11,36.000,88.161,30.000
6.500,12,-12.000,88.161,30.000
6.500,13,-24.000,88.161,30.000
6.500,14,-36.000,88.161,30.000
7.000,0,0.000,95.302,30.000
7.000,1,0.000,108.690,30.000
7.000,2,0.000,120.398,30.000
7.000,3,0.000,132.093,30.000
7.000,4,0.000,143.962,30.000
7.000,5,0.000,83.302,30.000
7.000,6,0.000,71.302,30.000
7.000,7,0.000,59.302,30.000
7.000,8,0.000,47.302,30.000
7.000,9,12.000,95.302,30.000
7.000,10,24.000,95.302,30.000
7.000,11,36.000,95.302,30.000
7.000,12,-12.000,95.302,30.000
7.000,13,-24.000,95.302,30.000
7.000,14,-36.000,95.302,30.000
7.500,0,0.000,102.334,30.000
7.500,1,0.000,116.190,30.000
7.500,2,0.000,127.898,30.000
7.500,3,0.000,139.593,30.000
7.500,4,0.000,151.462,30.000
7.500,5,0.000,90.334,30.000
7.500,6,0.000,78.334,30.000
7.500,7,0.000,66.334,30.000
7.500,8,0.000,54.334,30.000
7.500,9,12.000,102.334,30.000
7.500,10,24.000,102.334,30.000
7.500,11,36.000,102.334,30.000
7.500,12,-12.000,102.334,30.000
7.500,13,-24.000,102.334,30.000
7.500,14,-36.000,102.334,30.000
8.000,0,0.000,108.896,30.000
8.000,1,0.000,123.186,30.000
8.000,2,0.000,135.355,30.000
8.000,3,0.000,147.093,30.000
8.000,4,0.000,158.962,30.000
8.000,5,0.000,96.896,30.000
8.000,6,0.000,84.896,30.000
8.000,7,0.000,72.896,30.000
8.000,8,0.000,60.896,30.000
8.000,9,12.000,108.896,30.000
8.000,10,24.000,108.896,30.000
8.000,11,36.000,108.896,30.000
8.000,12,-12.000,108.896,30.000
8.000,13,-24.000,108.896,30.000
8.000,14,-36.000,108.896,30.000
8.500,0,0.000,114.811,30.000
8.500,1,0.000,129.264,30.000
8.500,2,0.000,142.024,30.000
8.500,3,0.000,154.053,30.000
8.500,4,0.000,165.999,30.000
8.500,5,0.000,102.811,30.000
8.500,6,0.000,90.811,30.000
8.500,7,0.000,78.811,30.000
8.500,8,0.000,66.811,30.000
8.500,9,12.000,114.811,30.000
8.500,10,24.000,114.811,30.000
8.500,11,36.000,114.811,30.000
8.500,12,-12.000,114.811,30.000
8.500,13,-24.000,114.811,30.000
8.500,14,-36.000,114.811,30.000
9.000,0,0.000,120.141,30.000
9.000,1,0.000,134.397,30.000
9.000,2,0.000,147.548,30.000
9.000,3,0.000,159.951,30.000
9.000,4,0.000,172.046,30.000
9.000,5,0.000,108.141,30.000
9.000,6,0.000,96.141,30.000
9.000,7,0.000,84.141,30.000
9.000,8,0.000,72.141,30.000
9.000,9,12.000,120.141,30.000
9.000,10,24.000,120.141,30.000
9.000,11,36.000,120.141,30.000
9.000,12,-12.000,120.141,30.000
9.000,13,-24.000,120.141,30.000
9.000,14,-36.000,120.141,30.000
9.500,0,0.000,125.154,30.000
9.500,1,0.000,138.932,30.000
9.500,2,0.000,152.084,30.000
9.500,3,0.000,164.751,30.000
9.500,4,0.000,177.000,30.000
9.500,5,0.000,113.154,30.000
9.500,6,0.000,101.154,30.000
9.500,7,0.000,89.154,30.000
9.500,8,0.000,77.154,30.000
9.500,9,12.000,125.154,30.000
9.500,10,24.000,125.154,30.000
9.500,11,36.000,125.154,30.000
9.500,12,-12.000,125.154,30.000
9.500,13,-24.000,125.154,30.000
9.500,14,-36.000,125.154,30.000
10.000,0,0.000,130.218,30.000
10.000,1,0.000,143.454,30.000
10.000,2,0.000,156.201,30.000
10.000,3,0.000,168.886,30.000
10.000,4,0.000,181.223,30.000
10.000,5,0.000,118.218,30.000
10.000,6,0.000,106.218,30.000
10.000,7,0.000,94.218,30.000
10.000,8,0.000,82.218,30.000
10.000,9,12.000,130.218,30.000
10.000,10,24.000,130.218,30.000
10.000,11,36.000,130.218,30.000
10.000,12,-12.000,130.218,30.000
10.000,13,-24.000,130.218,30.000
10.000,14,-36.000,130.218,30.000
10.500,0,0.000,135.664,30.000
10.500,1,0.000,148.554,30.000
10.500,2,0.000,160.662,30.000
10.500,3,0.000,173.076,30.000
10.500,4,0.000,185.382,30.000
10.500,5,0.000,123.664,30.000
10.500,6,0.000,111.664,30.000
10.500,7,0.000,99.664,30.000
10.500,8,0.000,87.664,30.000
10.500,9,12.000,135.664,30.000
10.500,10,24.000,135.664,30.000
10.500,11,36.000,135.664,30.000
10.500,12,-12.000,135.664,30.000
10.500,13,-24.000,135.664,30.000
10.500,14,-36.000,135.664,30.000
11.000,0,0.000,141.670,30.000
11.000,1,0.000,154.604,30.000
11.000,2,0.000,166.160,30.000
11.000,3,0.000,178.073,30.000
11.000,4,0.000,190.203,30.000
11.000,5,0.000,129.670,30.000
11.000,6,0.000,117.670,30.000
11.000,7,0.000,105.670,30.000
11.000,8,0.000,93.670,30.000
11.000,9,12.000,141.670,30.000
11.000,10,24.000,141.670,30.000
11.000,11,36.000,141.670,30.000
11.000,12,-12.000,141.670,30.000
11.000,13,-24.000,141.670,30.000
11.000,14,-36.000,141.670,30.000
11.500,0,0.000,148.205,30.000
11.500,1,0.000,161.591,30.000
11.500,2,0.000,173.079,30.000
11.500,3,0.000,184.457,30.000
11.500,4,0.000,196.250,30.000
11.500,5,0.000,136.205,30.000
11.500,6,0.000,124.205,30.000
11.500,7,0.000,112.205,30.000
11.500,8,0.000,100.205,30.000
11.500,9,12.000,148.205,30.000
11.500,10,24.000,148.205,30.000
11.500,11,36.000,148.205,30.000
11.500,12,-12.000,148.205,30.000
11.500,13,-24.000,148.205,30.000
11.500,14,-36.000,148.205,30.000
12.000,0,0.000,155.053,30.000
12.000,1,0.000,169.091,30.000
12.000,2,0.000,180.579,30.000
12.000,3,0.000,191.957,30.000
12.000,4,0.000,203.725,30.000
12.000,5,0.000,143.053,30.000
12.000,6,0.000,131.053,30.000
12.000,7,0.000,119.053,30.000
12.000,8,0.000,107.053,30.000
12.000,9,12.000,155.053,30.000
12.000,10,24.000,155.053,30.000
12.000,11,36.000,155.053,30.000
12.000,12,-12.000,155.053,30.000
12.000,13,-24.000,155.053,30.000
12.000,14,-36.000,155.053,30.000
12.500,0,0.000,161.896,30.000
12.500,1,0.000,176.488,30.000
12.500,2,0.000,188.079,30.000
12.500,3,0.000,199.457,30.000
12.500,4,0.000,211.225,30.000
12.500,5,0.000,149.896,30.000
12.500,6,0.000,137.896,30.000
12.500,7,0.000,125.896,30.000
12.500,8,0.000,113.896,30.000
12.500,9,12.000,161.896,30.000
12.500,10,24.000,161.896,30.000
12.500,11,36.000,161.896,30.000
12.500,12,-12.000,161.896,30.000
12.500,13,-24.000,161.896,30.000
12.500,14,-36.000,161.896,30.000
13.000,0,0.000,168.434,30.000
13.000,1,0.000,183.218,30.000
13.000,2,0.000,195.440,30.000
13.000,3,0.000,206.957,30.000
13.000,4,0.000,218.725,30.000
13.000,5,0.000,156.434,30.000
13.000,6,0.000,144.434,30.000
13.000,7,0.000,132.434,30.000
13.000,8,0.000,120.434,30.000
13.000,9,12.000,168.434,30.000
13.000,10,24.000,168.434,30.000
13.000,11,36.000,168.434,30.000
13.000,12,-12.000,168.434,30.000
13.000,13,-24.000,168.434,30.000
13.000,14,-36.000,168.434,30.000
13.500,0,0.000,174.490,30.000
13.500,1,0.000,189.010,30.000
13.500,2,0.000,201.947,30.000
13.500,3,0.000,213.977,30.000
13.500,4,0.000,225.879,30.000
13.500,5,0.000,162.490,30.000
13.500,6,0.000,150.490,30.000
13.500,7,0.000,138.490,30.000
13.500,8,0.000,126.490,30.000
13.500,9,12.000,174.490,30.000
13.500,10,24.000,174.490,30.000
13.500,11,36.000,174.490,30.000
13.500,12,-12.000,174.490,30.000
13.500,13,-24.000,174.490,30.000
13.500,14,-36.000,174.490,30.000
14.000,0,0.000,180.069,30.000
14.000,1,0.000,193.971,30.000
14.000,2,0.000,207.317,30.000
14.000,3,0.000,219.942,30.000
14.000,4,0.000,232.094,30.000
14.000,5,0.000,168.069,30.000
14.000,6,0.000,156.069,30.000
14.000,7,0.000,144.069,30.000
14.000,8,0.000,132.069,30.000
14.000,9,12.000,180.069,30.000
14.000,10,24.000,180.069,30.000
14.000,11,36.000,180.069,30.000
14.000,12,-12.000,180.069,30.000
14.000,13,-24.000,180.069,30.000
14.000,14,-36.000,180.069,30.000
14.500,0,0.000,185.344,30.000
14.500,1,0.000,198.532,30.000
14.500,2,0.000,211.778,30.000
14.500,3,0.000,224.786,30.000
14.500,4,0.000,237.190,30.000
14.500,5,0.000,173.344,30.000
14.500,6,0.000,161.344,30.000
14.500,7,0.000,149.344,30.000
14.500,8,0.000,137.344,30.000
14.500,9,12.000,185.344,30.000
14.500,10,24.000,185.344,30.000
14.500,11,36.000,185.344,30.000
14.500,12,-12.000,185.344,30.000
14.500,13,-24.000,185.344,30.000
14.500,14,-36.000,185.344,30.000
15.000,0,0.000,190.589,30.000
15.000,1,0.000,203.274,30.000
15.000,2,0.000,215.941,30.000
15.000,3,0.000,228.933,30.000
15.000,4,0.000,241.469,30.000
15.000,5,0.000,178.589,30.000
15.000,6,0.000,166.589,30.000
15.000,7,0.000,154.589,30.000
15.000,8,0.000,142.589,30.000
15.000,9,12.000,190.589,30.000
15.000,10,24.000,190.589,30.000
15.000,11,36.000,190.589,30.000
15.000,12,-12.000,190.589,30.000
15.000,13,-24.000,190.589,30.000
15.000,14,-36.000,190.589,30.000
15.500,0,0.000,196.075,30.000
15.500,1,0.000,208.697,30.000
15.500,2,0.000,220.573,30.000
15.500,3,0.000,233.108,30.000
15.500,4,0.000,245.580,30.000
15.500,5,0.000,184.075,30.000
15.500,6,0.000,172.075,30.000
15.500,7,0.000,160.075,30.000
15.500,8,0.000,148.075,30.000
15.500,9,12.000,196.075,30.000
15.500,10,24.000,196.075,30.000
15.500,11,36.000,196.075,30.000
15.500,12,-12.000,196.075,30.000
15.500,13,-24.000,196.075,30.000
15.500,14,-36.000,196.075,30.000
16.000,0,0.000,201.972,30.000
16.000,1,0.000,215.020,30.000
16.000,2,0.000,226.336,30.000
16.000,3,0.000,238.094,30.000
16.000,4,0.000,250.269,30.000
16.000,5,0.000,189.972,30.000
16.000,6,0.000,177.972,30.000
16.000,7,0.000,165.972,30.000
16.000,8,0.000,153.972,30.000
16.000,9,12.000,201.972,30.000
16.000,10,24.000,201.972,30.000
16.000,11,36.000,201.972,30.000
16.000,12,-12.000,201.972,30.000
16.000,13,-24.000,201.972,30.000
16.000,14,-36.000,201.972,30.000
16.500,0,0.000,208.296,30.000
16.500,1,0.000,222.081,30.000
16.500,2,0.000,233.521,30.000
16.500,3,0.000,244.548,30.000
16.500,4,0.000,256.170,30.000
16.500,5,0.000,196.296,30.000
16.500,6,0.000,184.296,30.000
16.500,7,0.000,172.296,30.000
16.500,8,0.000,160.296,30.000
16.500,9,12.000,208.296,30.000
16.500,10,24.000,208.296,30.000
16.500,11,36.000,208.296,30.000
16.500,12,-12.000,208.296,30.000
16.500,13,-24.000,208.296,30.000
16.500,14,-36.000,208.296,30.000
17.000,0,0.000,214.912,30.000
17.000,1,0.000,229.424,30.000
17.000,2,0.000,241.021,30.000
17.000,3,0.000,252.048,30.000
17.000,4,0.000,263.581,30.000
17.000,5,0.000,202.912,30.000
17.000,6,0.000,190.912,30.000
17.000,7,0.000,178.912,30.000
17.000,8,0.000,166.912,30.000
17.000,9,12.000,214.912,30.000
17.000,10,24.000,214.912,30.000
17.000,11,36.000,214.912,30.000
17.000,12,-12.000,214.912,30.000
17.000,13,-24.000,214.912,30.000
17.000,14,-36.000,214.912,30.000
17.500,0,0.000,221.584,30.000
17.500,1,0.000,236.497,30.000
17.500,2,0.000,248.521,30.000
17.500,3,0.000,259.548,30.000
17.500,4,0.000,271.081,30.000
17.500,5,0.000,209.584,30.000
17.500,6,0.000,197.584,30.000
17.500,7,0.000,185.584,30.000
17.500,8,0.000,173.584,30.000
17.500,9,12.000,221.584,30.000
17.500,10,24.000,221.584,30.000
17.500,11,36.000,221.584,30.000
17.500,12,-12.000,221.584,30.000
17.500,13,-24.000,221.584,30.000
17.500,14,-36.000,221.584,30.000
18.000,0,0.000,228.071,30.000
18.000,1,0.000,242.892,30.000
18.000,2,0.000,255.592,30.000
18.000,3,0.000,267.048,30.000
18.000,4,0.000,278.581,30.000
18.000,5,0.000,216.071,30.000
18.000,6,0.000,204.071,30.000
18.000,7,0.000,192.071,30.000
18.000,8,0.000,180.071,30.000
18.000,9,12.000,228.071,30.000
18.000,10,24.000,228.071,30.000
18.000,11,36.000,228.071,30.000
18.000,12,-12.000,228.071,30.000
18.000,13,-24.000,228.071,30.000
18.000,14,-36.000,228.071,30.000
18.500,0,0.000,234.208,30.000
18.500,1,0.000,248.483,30.000
18.500,2,0.000,261.697,30.000
18.500,3,0.000,273.975,30.000
18.500,4,0.000,285.818,30.000
18.500,5,0.000,222.208,30.000
18.500,6,0.000,210.208,30.000
18.500,7,0.000,198.208,30.000
18.500,8,0.000,186.208,30.000
18.500,9,12.000,234.208,30.000
18.500,10,24.000,234.208,30.000
18.500,11,36.000,234.208,30.000
18.500,12,-12.000,234.208,30.000
18.500,13,-24.000,234.208,30.000
18.500,14,-36.000,234.208,30.000
19.000,0,0.000,239.964,30.000
19.000,1,0.000,253.468,30.000
19.000,2,0.000,266.758,30.000
19.000,3,0.000,279.798,30.000
19.000,4,0.000,292.122,30.000
19.000,5,0.000,227.964,30.000
19.000,6,0.000,215.964,30.000
19.000,7,0.000,203.964,30.000
19.000,8,0.000,191.964,30.000
19.000,9,12.000,239.964,30.000
19.000,10,24.000,239.964,30.000
19.000,11,36.000,239.964,30.000
19.000,12,-12.000,239.964,30.000
19.000,13,-24.000,239.964,30.000
19.000,14,-36.000,239.964,30.000
19.500,0,0.000,245.445,30.000
19.500,1,0.000,258.273,30.000
19.500,2,0.000,271.143,30.000
19.500,3,0.000,284.525,30.000
19.500,4,0.000,297.267,30.000
19.500,5,0.000,233.445,30.000
19.500,6,0.000,221.445,30.000
19.500,7,0.000,209.445,30.000
19.500,8,0.000,197.445,30.000
19.500,9,12.000,245.445,30.000
19.500,10,24.000,245.445,30.000
19.500,11,36.000,245.445,30.000
19.500,12,-12.000,245.445,30.000
19.500,13,-24.000,245.445,30.000
19.500,14,-36.000,245.445,30.000
20.000,0,0.000,250.850,30.000
20.000,1,0.000,263.380,30.000
20.000,2,0.000,275.513,30.000
20.000,3,0.000,288.644,30.000
20.000,4,0.000,301.543,30.000
20.000,5,0.000,238.850,30.000
20.000,6,0.000,226.850,30.000
20.000,7,0.000,214.850,30.000
20.000,8,0.000,202.850,30.000
20.000,9,12.000,250.850,30.000
20.000,10,24.000,250.850,30.000
20.000,11,36.000,250.850,30.000
20.000,12,-12.000,250.850,30.000
20.000,13,-24.000,250.850,30.000
20.000,14,-36.000,250.850,30.000
20.500,0,0.000,256.394,30.000
20.500,1,0.000,269.133,30.000
20.500,2,0.000,280.583,30.000
20.500,3,0.000,292.916,30.000
20.500,4,0.000,305.605,30.000
20.500,5,0.000,244.394,30.000
20.500,6,0.000,232.394,30.000
20.500,7,0.000,220.394,30.000
20.500,8,0.000,208.394,30.000
20.500,9,12.000,256.394,30.000
20.500,10,24.000,256.394,30.000
20.500,11,36.000,256.394,30.000
20.500,12,-12.000,256.394,30.000
20.500,13,-24.000,256.394,30.000
20.500,14,-36.000,256.394,30.000
21.000,0,0.000,262.233,30.000
21.000,1,0.000,275.595,30.000
21.000,2,0.000,286.856,30.000
21.000,3,0.000,298.145,30.000
21.000,4,0.000,310.242,30.000
21.000,5,0.000,250.233,30.000
21.000,6,0.000,238.233,30.000
21.000,7,0.000,226.233,30.000
21.000,8,0.000,214.233,30.000
21.000,9,12.000,262.233,30.000
21.000,10,24.000,262.233,30.000
21.000,11,36.000,262.233,30.000
21.000,12,-12.000,262.233,30.000
21.000,13,-24.000,262.233,30.000
21.000,14,-36.000,262.233,30.000
21.500,0,0.000,268.409,30.000
21.500,1,0.000,282.540,30.000
21.500,2,0.000,294.324,30.000
21.500,3,0.000,305.017,30.000
21.500,4,0.000,316.182,30.000
21.500,5,0.000,256.409,30.000
21.500,6,0.000,244.409,30.000
21.500,7,0.000,232.409,30.000
21.500,8,0.000,220.409,30.000
21.500,9,12.000,268.409,30.000
21.500,10,24.000,268.409,30.000
21.500,11,36.000,268.409,30.000
21.500,12,-12.000,268.409,30.000
21.500,13,-24.000,268.409,30.000
21.500,14,-36.000,268.409,30.000
22.000,0,0.000,274.844,30.000
22.000,1,0.000,289.562,30.000
22.000,2,0.000,301.824,30.000
22.000,3,0.000,312.517,30.000
22.000,4,0.000,323.682,30.000
22.000,5,0.000,262.844,30.000
22.000,6,0.000,250.844,30.000
22.000,7,0.000,238.844,30.000
22.000,8,0.000,226.844,30.000
22.000,9,12.000,274.844,30.000
22.000,10,24.000,274.844,30.000
22.000,11,36.000,274.844,30.000
22.000,12,-12.000,274.844,30.000
22.000,13,-24.000,274.844,30.000
22.000,14,-36.000,274.844,30.000
22.500,0,0.000,281.368,30.000
22.500,1,0.000,296.256,30.000
22.500,2,0.000,309.152,30.000
22.500,3,0.000,320.017,30.000
22.500,4,0.000,331.182,30.000
22.500,5,0.000,269.368,30.000
22.500,6,0.000,257.368,30.000
22.500,7,0.000,245.368,30.000
22.500,8,0.000,233.368,30.000
22.500,9,12.000,281.368,30.000
22.500,10,24.000,281.368,30.000
22.500,11,36.000,281.368,30.000
22.500,12,-12.000,281.368,30.000
22.500,13,-24.000,281.368,30.000
22.500,14,-36.000,281.368,30.000
23.000,0,0.000,287.792,30.000
23.000,1,0.000,302.373,30.000
23.000,2,0.000,315.692,30.000
23.000,3,0.000,327.517,30.000
23.000,4,0.000,338.682,30.000
23.000,5,0.000,275.792,30.000
23.000,6,0.000,263.792,30.000
23.000,7,0.000,251.792,30.000
23.000,8,0.000,239.792,30.000
23.000,9,12.000,287.792,30.000
23.000,10,24.000,287.792,30.000
23.000,11,36.000,287.792,30.000
23.000,12,-12.000,287.792,30.000
23.000,13,-24.000,287.792,30.000
23.000,14,-36.000,287.792,30.000
23.500,0,0.000,293.968,30.000
23.500,1,0.000,307.904,30.000
23.500,2,0.000,321.199,30.000
23.500,3,0.000,334.141,30.000
23.500,4,0.000,345.898,30.000
23.500,5,0.000,281.968,30.000
23.500,6,0.000,269.968,30.000
23.500,7,0.000,257.968,30.000
23.500,8,0.000,245.968,30.000
23.500,9,12.000,293.968,30.000
23.500,10,24.000,293.968,30.000
23.500,11,36.000,293.968,30.000
23.500,12,-12.000,293.968,30.000
23.500,13,-24.000,293.968,30.000
23.500,14,-36.000,293.968,30.000
24.000,0,0.000,299.847,30.000
24.000,1,0.000,313.069,30.000
24.000,2,0.000,325.875,30.000
24.000,3,0.000,339.533,30.000
24.000,4,0.000,352.110,30.000
24.000,5,0.000,287.847,30.000
24.000,6,0.000,275.847,30.000
24.000,7,0.000,263.847,30.000
24.000,8,0.000,251.847,30.000
24.000,9,12.000,299.847,30.000
24.000,10,24.000,299.847,30.000
24.000,11,36.000,299.847,30.000
24.000,12,-12.000,299.847,30.000
24.000,13,-24.000,299.847,30.000
24.000,14,-36.000,299.847,30.000
24.500,0,0.000,305.487,30.000
24.500,1,0.000,318.222,30.000
24.500,2,0.000,330.271,30.000
24.500,3,0.000,343.910,30.000
24.500,4,0.000,357.127,30.000
24.500,5,0.000,293.487,30.000
24.500,6,0.000,281.487,30.000
24.500,7,0.000,269.487,30.000
24.500,8,0.000,257.487,30.000
24.500,9,12.000,305.487,30.000
24.500,10,24.000,305.487,30.000
24.500,11,36.000,305.487,30.000
24.500,12,-12.000,305.487,30.000
24.500,13,-24.000,305.487,30.000
24.500,14,-36.000,305.487,30.000
25.000,0,0.000,311.027,30.000
25.000,1,0.000,323.698,30.000
25.000,2,0.000,335.072,30.000
25.000,3,0.000,347.925,30.000
25.000,4,0.000,361.295,30.000
25.000,5,0.000,299.027,30.000
25.000,6,0.000,287.027,30.000
25.000,7,0.000,275.027,30.000
25.000,8,0.000,263.027,30.000
25.000,9,12.000,311.027,30.000
25.000,10,24.000,311.027,30.000
25.000,11,36.000,311.027,30.000
25.000,12,-12.000,311.027,30.000
25.000,13,-24.000,311.027,30.000
25.000,14,-36.000,311.027,30.000
25.500,0,0.000,316.637,30.000
25.500,1,0.000,329.681,30.000
25.500,2,0.000,340.845,30.000
25.500,3,0.000,352.437,30.000
25.500,4,0.000,365.330,30.000
25.500,5,0.000,304.637,30.000
25.500,6,0.000,292.637,30.000
25.500,7,0.000,280.637,30.000
25.500,8,0.000,268.637,30.000
25.500,9,12.000,316.637,30.000
25.500,10,24.000,316.637,30.000
25.500,11,36.000,316.637,30.000
25.500,12,-12.000,316.637,30.000
25.500,13,-24.000,316.637,30.000
25.500,14,-36.000,316.637,30.000
26.000,0,0.000,322.452,30.000
26.000,1,0.000,336.135,30.000
26.000,2,0.000,347.750,30.000
26.000,3,0.000,358.294,30.000
26.000,4,0.000,370.077,30.000
26.000,5,0.000,310.452,30.000
26.000,6,0.000,298.452,30.000
26.000,7,0.000,286.452,30.000
26.000,8,0.000,274.452,30.000
26.000,9,12.000,322.452,30.000
26.000,10,24.000,322.452,30.000
26.000,11,36.000,322.452,30.000
26.000,12,-12.000,322.452,30.000
26.000,13,-24.000,322.452,30.000
26.000,14,-36.000,322.452,30.000
26.500,0,0.000,328.528,30.000
26.500,1,0.000,342.843,30.000
26.500,2,0.000,355.250,30.000
26.500,3,0.000,365.794,30.000
26.500,4,0.000,376.380,30.000
26.500,5,0.000,316.528,30.000
26.500,6,0.000,304.528,30.000
26.500,7,0.000,292.528,30.000
26.500,8,0.000,280.528,30.000
26.500,9,12.000,328.528,30.000
26.500,10,24.000,328.528,30.000
26.500,11,36.000,328.528,30.000
26.500,12,-12.000,328.528,30.000
26.500,13,-24.000,328.528,30.000
26.500,14,-36.000,328.528,30.000
27.000,0,0.000,334.824,30.000
27.000,1,0.000,349.508,30.000
27.000,2,0.000,362.750,30.000
27.000,3,0.000,373.294,30.000
27.000,4,0.000,383.880,30.000
27.000,5,0.000,322.824,30.000
27.000,6,0.000,310.824,30.000
27.000,7,0.000,298.824,30.000
27.000,8,0.000,286.824,30.000
27.000,9,12.000,334.824,30.000
27.000,10,24.000,334.824,30.000
27.000,11,36.000,334.824,30.000
27.000,12,-12.000,334.824,30.000
27.000,13,-24.000,334.824,30.000
27.000,14,-36.000,334.824,30.000
27.500,0,0.000,341.225,30.000
27.500,1,0.000,355.875,30.000
27.500,2,0.000,369.586,30.000
27.500,3,0.000,380.794,30.000
27.500,4,0.000,391.380,30.000
27.500,5,0.000,329.225,30.000
27.500,6,0.000,317.225,30.000
27.500,7,0.000,305.225,30.000
27.500,8,0.000,293.225,30.000
27.500,9,12.000,341.225,30.000
27.500,10,24.000,341.225,30.000
27.500,11,36.000,341.225,30.000
27.500,12,-12.000,341.225,30.000
27.500,13,-24.000,341.225,30.000
27.500,14,-36.000,341.225,30.000
28.000,0,0.000,347.581,30.000
28.000,1,0.000,361.829,30.000
28.000,2,0.000,375.416,30.000
28.000,3,0.000,387.807,30.000
28.000,4,0.000,398.880,30.000
28.000,5,0.000,335.581,30.000
28.000,6,0.000,323.581,30.000
28.000,7,0.000,311.581,30.000
28.000,8,0.000,299.581,30.000
28.000,9,12.000,347.581,30.000
28.000,10,24.000,347.581,30.000
28.000,11,36.000,347.581,30.000
28.000,12,-12.000,347.581,30.000
28.000,13,-24.000,347.581,30.000
28.000,14,-36.000,347.581,30.000
28.500,0,0.000,353.769,30.000
28.500,1,0.000,367.423,30.000
28.500,2,0.000,380.331,30.000
28.500,3,0.000,393.748,30.000
28.500,4,0.000,405.905,30.000
28.500,5,0.000,341.769,30.000
28.500,6,0.000,329.769,30.000
28.500,7,0.000,317.769,30.000
28.500,8,0.000,305.769,30.000
28.500,9,12.000,353.769,30.000
28.500,10,24.000,353.769,30.000
28.500,11,36.000,353.769,30.000
28.500,12,-12.000,353.769,30.000
28.500,13,-24.000,353.769,30.000
28.500,14,-36.000,353.769,30.000
29.000,0,0.000,359.730,30.000
29.000,1,0.000,372.848,30.000
29.000,2,0.000,384.805,30.000
29.000,3,0.000,398.589,30.000
29.000,4,0.000,411.836,30.000
29.000,5,0.000,347.730,30.000
29.000,6,0.000,335.730,30.000
29.000,7,0.000,323.730,30.000
29.000,8,0.000,311.730,30.000
29.000,9,12.000,359.730,30.000
29.000,10,24.000,359.730,30.000
29.000,11,36.000,359.730,30.000
29.000,12,-12.000,359.730,30.000
29.000,13,-24.000,359.730,30.000
29.000,14,-36.000,359.730,30.000
29.500,0,0.000,365.489,30.000
29.500,1,0.000,378.345,30.000
29.500,2,0.000,389.504,30.000
29.500,3,0.000,402.788,30.000
29.500,4,0.000,416.629,30.000
29.500,5,0.000,353.489,30.000
29.500,6,0.000,341.489,30.000
29.500,7,0.000,329.489,30.000
29.500,8,0.000,317.489,30.000
29.500,9,12.000,365.489,30.000
29.500,10,24.000,365.489,30.000
29.500,11,36.000,365.489,30.000
29.500,12,-12.000,365.489,30.000
29.500,13,-24.000,365.489,30.000
29.500,14,-36.000,365.489,30.000
30.000,0,0.000,371.142,30.000
30.000,1,0.000,384.103,30.000
30.000,2,0.000,395.024,30.000
30.000,3,0.000,407.108,30.000
30.000,4,0.000,420.745,30.000
30.000,5,0.000,359.142,30.000
30.000,6,0.000,347.142,30.000
30.000,7,0.000,335.142,30.000
30.000,8,0.000,323.142,30.000
30.000,9,12.000,371.142,30.000
30.000,10,24.000,371.142,30.000
30.000,11,36.000,371.142,30.000
30.000,12,-12.000,371.142,30.000
30.000,13,-24.000,371.142,30.000
30.000,14,-36.000,371.142,30.000
30.500,0,0.000,376.818,30.000
30.500,1,0.000,390.189,30.000
30.500,2,0.000,401.598,30.000
30.500,3,0.000,412.392,30.000
30.500,4,0.000,424.958,30.000
30.500,5,0.000,364.818,30.000
30.500,6,0.000,352.818,30.000
30.500,7,0.000,340.818,30.000
30.500,8,0.000,328.818,30.000
30.500,9,12.000,376.818,30.000
30.500,10,24.000,376.818,30.000
30.500,11,36.000,376.818,30.000
30.500,12,-12.000,376.818,30.000
30.500,13,-24.000,376.818,30.000
30.500,14,-36.000,376.818,30.000
31.000,0,0.000,382.631,30.000
31.000,1,0.000,396.532,30.000
31.000,2,0.000,408.924,30.000
31.000,3,0.000,419.355,30.000
31.000,4,0.000,430.180,30.000
31.000,5,0.000,370.631,30.000
31.000,6,0.000,358.631,30.000
31.000,7,0.000,346.631,30.000
31.000,8,0.000,334.631,30.000
31.000,9,12.000,382.631,30.000
31.000,10,24.000,382.631,30.000
31.000,11,36.000,382.631,30.000
31.000,12,-12.000,382.631,30.000
31.000,13,-24.000,382.631,30.000
31.000,14,-36.000,382.631,30.000
31.500,0,0.000,388.642,30.000
31.500,1,0.000,402.970,30.000
31.500,2,0.000,416.353,30.000
31.500,3,0.000,426.855,30.000
31.500,4,0.000,437.217,30.000
31.500,5,0.000,376.642,30.000
31.500,6,0.000,364.642,30.000
31.500,7,0.000,352.642,30.000
31.500,8,0.000,340.642,30.000
31.500,9,12.000,388.642,30.000
31.500,10,24.000,388.642,30.000
31.500,11,36.000,388.642,30.000
31.500,12,-12.000,388.642,30.000
31.500,13,-24.000,388.642,30.000
31.500,14,-36.000,388.642,30.000
32.000,0,0.000,394.835,30.000
32.000,1,0.000,409.325,30.000
32.000,2,0.000,423.247,30.000
32.000,3,0.000,434.355,30.000
32.000,4,0.000,444.717,30.000
32.000,5,0.000,382.835,30.000
32.000,6,0.000,370.835,30.000
32.000,7,0.000,358.835,30.000
32.000,8,0.000,346.835,30.000
32.000,9,12.000,394.835,30.000
32.000,10,24.000,394.835,30.000
32.000,11,36.000,394.835,30.000
32.000,12,-12.000,394.835,30.000
32.000,13,-24.000,394.835,30.000
32.000,14,-36.000,394.835,30.000
32.500,0,0.000,401.134,30.000
32.500,1,0.000,415.469,30.000
32.500,2,0.000,429.251,30.000
32.500,3,0.000,441.572,30.000
32.500,4,0.000,452.217,30.000
32.500,5,0.000,389.134,30.000
32.500,6,0.000,377.134,30.000
32.500,7,0.000,365.134,30.000
32.500,8,0.000,353.134,30.000
32.500,9,12.000,401.134,30.000
32.500,10,24.000,401.134,30.000
32.500,11,36.000,401.134,30.000
32.500,12,-12.000,401.134,30.000
32.500,13,-24.000,401.134,30.000
32.500,14,-36.000,401.134,30.000
33.000,0,0.000,407.427,30.000
33.000,1,0.000,421.374,30.000
33.000,2,0.000,434.399,30.000
33.000,3,0.000,447.817,30.000
33.000,4,0.000,459.632,30.000
33.000,5,0.000,395.427,30.000
33.000,6,0.000,383.427,30.000
33.000,7,0.000,371.427,30.000
33.000,8,0.000,359.427,30.000
33.000,9,12.000,407.427,30.000
33.000,10,24.000,407.427,30.000
33.000,11,36.000,407.427,30.000
33.000,12,-12.000,407.427,30.000
33.000,13,-24.000,407.427,30.000
33.000,14,-36.000,407.427,30.000
33.500,0,0.000,413.609,30.000
33.500,1,0.000,427.106,30.000
33.500,2,0.000,439.087,30.000
33.500,3,0.000,452.935,30.000
33.500,4,0.000,466.091,30.000
33.500,5,0.000,401.609,30.000
33.500,6,0.000,389.609,30.000
33.500,7,0.000,377.609,30.000
33.500,8,0.000,365.609,30.000
33.500,9,12.000,413.609,30.000
33.500,10,24.000,413.609,30.000
33.500,11,36.000,413.609,30.000
33.500,12,-12.000,413.609,30.000
33.500,13,-24.000,413.609,30.000
33.500,14,-36.000,413.609,30.000
34.000,0,0.000,419.621,30.000
34.000,1,0.000,432.792,30.000
34.000,2,0.000,443.907,30.000
34.000,3,0.000,457.278,30.000
34.000,4,0.000,471.309,30.000
34.000,5,0.000,407.621,30.000
34.000,6,0.000,395.621,30.000
34.000,7,0.000,383.621,30.000
34.000,8,0.000,371.621,30.000
34.000,9,12.000,419.621,30.000
34.000,10,24.000,419.621,30.000
34.000,11,36.000,419.621,30.000
34.000,12,-12.000,419.621,30.000
34.000,13,-24.000,419.621,30.000
34.000,14,-36.000,419.621,30.000
34.500,0,0.000,425.468,30.000
34.500,1,0.000,438.560,30.000
34.500,2,0.000,449.408,30.000
34.500,3,0.000,461.551,30.000
34.500,4,0.000,475.574,30.000
34.500,5,0.000,413.468,30.000
34.500,6,0.000,401.468,30.000
34.500,7,0.000,389.468,30.000
34.500,8,0.000,377.468,30.000
34.500,9,12.000,425.468,30.000
34.500,10,24.000,425.468,30.000
34.500,11,36.000,425.468,30.000
34.500,12,-12.000,425.468,30.000
34.500,13,-24.000,425.468,30.000
34.500,14,-36.000,425.468,30.000
35.000,0,0.000,431.212,30.000
35.000,1,0.000,444.486,30.000
35.000,2,0.000,455.810,30.000
35.000,3,0.000,466.598,30.000
35.000,4,0.000,479.594,30.000
35.000,5,0.000,419.212,30.000
35.000,6,0.000,407.212,30.000
35.000,7,0.000,395.212,30.000
35.000,8,0.000,383.212,30.000
35.000,9,12.000,431.212,30.000
35.000,10,24.000,431.212,30.000
35.000,11,36.000,431.212,30.000
35.000,12,-12.000,431.212,30.000
35.000,13,-24.000,431.212,30.000
35.000,14,-36.000,431.212,30.000
35.500,0,0.000,436.949,30.000
35.500,1,0.000,450.574,30.000
35.500,2,0.000,462.866,30.000
35.500,3,0.000,473.165,30.000
35.500,4,0.000,484.297,30.000
35.500,5,0.000,424.949,30.000
35.500,6,0.000,412.949,30.000
35.500,7,0.000,400.949,30.000
35.500,8,0.000,388.949,30.000
35.500,9,12.000,436.949,30.000
35.500,10,24.000,436.949,30.000
35.500,11,36.000,436.949,30.000
35.500,12,-12.000,436.949,30.000
35.500,13,-24.000,436.949,30.000
35.500,14,-36.000,436.949,30.000
36.000,0,0.000,442.774,30.000
36.000,1,0.000,456.761,30.000
36.000,2,0.000,470.040,30.000
36.000,3,0.000,480.665,30.000
36.000,4,0.000,490.679,30.000
36.000,5,0.000,430.774,30.000
36.000,6,0.000,418.774,30.000
36.000,7,0.000,406.774,30.000
36.000,8,0.000,394.774,30.000
36.000,9,12.000,442.774,30.000
36.000,10,24.000,442.774,30.000
36.000,11,36.000,442.774,30.000
36.000,12,-12.000,442.774,30.000
36.000,13,-24.000,442.774,30.000
36.000,14,-36.000,442.774,30.000
36.500,0,0.000,448.745,30.000
36.500,1,0.000,462.961,30.000
36.500,2,0.000,476.799,30.000
36.500,3,0.000,488.165,30.000
36.500,4,0.000,498.179,30.000
36.500,5,0.000,436.745,30.000
36.500,6,0.000,424.745,30.000
36.500,7,0.000,412.745,30.000
36.500,8,0.000,400.745,30.000
36.500,9,12.000,448.745,30.000
36.500,10,24.000,448.745,30.000
36.500,11,36.000,448.745,30.000
36.500,12,-12.000,448.745,30.000
36.500,13,-24.000,448.745,30.000
36.500,14,-36.000,448.745,30.000
37.000,0,0.000,454.864,30.000
37.000,1,0.000,469.095,30.000
37.000,2,0.000,482.839,30.000
37.000,3,0.000,495.411,30.000
37.000,4,0.000,505.679,30.000
37.000,5,0.000,442.864,30.000
37.000,6,0.000,430.864,30.000
37.000,7,0.000,418.864,30.000
37.000,8,0.000,406.864,30.000
37.000,9,12.000,454.864,30.000
37.000,10,24.000,454.864,30.000
37.000,11,36.000,454.864,30.000
37.000,12,-12.000,454.864,30.000
37.000,13,-24.000,454.864,30.000
37.000,14,-36.000,454.864,30.000
37.500,0,0.000,461.082,30.000
37.500,1,0.000,475.125,30.000
37.500,2,0.000,488.182,30.000
37.500,3,0.000,501.736,30.000
37.500,4,0.000,513.179,30.000
37.500,5,0.000,449.082,30.000
37.500,6,0.000,437.082,30.000
37.500,7,0.000,425.082,30.000
37.500,8,0.000,413.082,30.000
37.500,9,12.000,461.082,30.000
37.500,10,24.000,461.082,30.000
37.500,11,36.000,461.082,30.000
37.500,12,-12.000,461.082,30.000
37.500,13,-24.000,461.082,30.000
37.500,14,-36.000,461.082,30.000
38.000,0,0.000,467.316,30.000
38.000,1,0.000,481.061,30.000
38.000,2,0.000,493.148,30.000
38.000,3,0.000,506.967,30.000
38.000,4,0.000,519.936,30.000
38.000,5,0.000,455.316,30.000
38.000,6,0.000,443.316,30.000
38.000,7,0.000,431.316,30.000
38.000,8,0.000,419.316,30.000
38.000,9,12.000,467.316,30.000
38.000,10,24.000,467.316,30.000
38.000,11,36.000,467.316,30.000
38.000,12,-12.000,467.316,30.000
38.000,13,-24.000,467.316,30.000
38.000,14,-36.000,467.316,30.000
38.500,0,0.000,473.482,30.000
38.500,1,0.000,486.949,30.000
38.500,2,0.000,498.222,30.000
38.500,3,0.000,511.423,30.000
38.500,4,0.000,525.511,30.000
38.500,5,0.000,461.482,30.000
38.500,6,0.000,449.482,30.000
38.500,7,0.000,437.482,30.000
38.500,8,0.000,425.482,30.000
38.500,9,12.000,473.482,30.000
38.500,10,24.000,473.482,30.000
38.500,11,36.000,473.482,30.000
38.500,12,-12.000,473.482,30.000
38.500,13,-24.000,473.482,30.000
38.500,14,-36.000,473.482,30.000
39.000,0,0.000,479.524,30.000
39.000,1,0.000,492.844,30.000
39.000,2,0.000,503.847,30.000
39.000,3,0.000,515.776,30.000
39.000,4,0.000,530.045,30.000
39.000,5,0.000,467.524,30.000
39.000,6,0.000,455.524,30.000
39.000,7,0.000,443.524,30.000
39.000,8,0.000,431.524,30.000
39.000,9,12.000,479.524,30.000
39.000,10,24.000,479.524,30.000
39.000,11,36.000,479.524,30.000
39.000,12,-12.000,479.524,30.000
39.000,13,-24.000,479.524,30.000
39.000,14,-36.000,479.524,30.000
39.500,0,0.000,485.434,30.000
39.500,1,0.000,498.785,30.000
39.500,2,0.000,510.184,30.000
39.500,3,0.000,520.840,30.000
39.500,4,0.000,534.139,30.000
39.500,5,0.000,473.434,30.000
39.500,6,0.000,461.434,30.000
39.500,7,0.000,449.434,30.000
39.500,8,0.000,437.434,30.000
39.500,9,12.000,485.434,30.000
39.500,10,24.000,485.434,30.000
39.500,11,36.000,485.434,30.000
39.500,12,-12.000,485.434,30.000
39.500,13,-24.000,485.434,30.000
39.500,14,-36.000,485.434,30.000
40.000,0,0.000,491.250,30.000
40.000,1,0.000,504.780,30.000
40.000,2,0.000,517.017,30.000
40.000,3,0.000,527.307,30.000
40.000,4,0.000,538.675,30.000
40.000,5,0.000,479.250,30.000
40.000,6,0.000,467.250,30.000
40.000,7,0.000,455.250,30.000
40.000,8,0.000,443.250,30.000
40.000,9,12.000,491.250,30.000
40.000,10,24.000,491.250,30.000
40.000,11,36.000,491.250,30.000
40.000,12,-12.000,491.250,30.000
40.000,13,-24.000,491.250,30.000
40.000,14,-36.000,491.250,30.000
40.500,0,0.000,497.042,30.000
40.500,1,0.000,510.811,30.000
40.500,2,0.000,523.912,30.000
40.500,3,0.000,534.807,30.000
40.500,4,0.000,544.684,30.000
40.500,5,0.000,485.042,30.000
40.500,6,0.000,473.042,30.000
40.500,7,0.000,461.042,30.000
40.500,8,0.000,449.042,30.000
40.500,9,12.000,497.042,30.000
40.500,10,24.000,497.042,30.000
40.500,11,36.000,497.042,30.000
40.500,12,-12.000,497.042,30.000
40.500,13,-24.000,497.042,30.000
40.500,14,-36.000,497.042,30.000
41.000,0,0.000,502.886,30.000
41.000,1,0.000,516.851,30.000
41.000,2,0.000,530.453,30.000
41.000,3,0.000,542.255,30.000
41.000,4,0.000,552.184,30.000
41.000,5,0.000,490.886,30.000
41.000,6,0.000,478.886,30.000
41.000,7,0.000,466.886,30.000
41.000,8,0.000,454.886,30.000
41.000,9,12.000,502.886,30.000
41.000,10,24.000,502.886,30.000
41.000,11,36.000,502.886,30.000
41.000,12,-12.000,502.886,30.000
41.000,13,-24.000,502.886,30.000
41.000,14,-36.000,502.886,30.000
41.500,0,0.000,508.835,30.000
41.500,1,0.000,522.878,30.000
41.500,2,0.000,536.421,30.000
41.500,3,0.000,548.862,30.000
41.500,4,0.000,559.684,30.000
41.500,5,0.000,496.835,30.000
41.500,6,0.000,484.835,30.000
41.500,7,0.000,472.835,30.000
41.500,8,0.000,460.835,30.000
41.500,9,12.000,508.835,30.000
41.500,10,24.000,508.835,30.000
41.500,11,36.000,508.835,30.000
41.500,12,-12.000,508.835,30.000
41.500,13,-24.000,508.835,30.000
41.500,14,-36.000,508.835,30.000
42.000,0,0.000,514.901,30.000
42.000,1,0.000,528.887,30.000
42.000,2,0.000,541.858,30.000
42.000,3,0.000,554.798,30.000
42.000,4,0.000,567.181,30.000
42.000,5,0.000,502.901,30.000
42.000,6,0.000,490.901,30.000
42.000,7,0.000,478.901,30.000
42.000,8,0.000,466.901,30.000
42.000,9,12.000,514.901,30.000
42.000,10,24.000,514.901,30.000
42.000,11,36.000,514.901,30.000
42.000,12,-12.000,514.901,30.000
42.000,13,-24.000,514.901,30.000
42.000,14,-36.000,514.901,30.000
42.500,0,0.000,521.055,30.000
42.500,1,0.000,534.886,30.000
42.500,2,0.000,547.043,30.000
42.500,3,0.000,560.053,30.000
42.500,4,0.000,573.837,30.000
42.500,5,0.000,509.055,30.000
42.500,6,0.000,497.055,30.000
42.500,7,0.000,485.055,30.000
42.500,8,0.000,473.055,30.000
42.500,9,12.000,521.055,30.000
42.500,10,24.000,521.055,30.000
42.500,11,36.000,521.055,30.000
42.500,12,-12.000,521.055,30.000
42.500,13,-24.000,521.055,30.000
42.500,14,-36.000,521.055,30.000
43.000,0,0.000,527.239,30.000
43.000,1,0.000,540.890,30.000
43.000,2,0.000,552.369,30.000
43.000,3,0.000,564.931,30.000
43.000,4,0.000,579.326,30.000
43.000,5,0.000,515.239,30.000
43.000,6,0.000,503.239,30.000
43.000,7,0.000,491.239,30.000
43.000,8,0.000,479.239,30.000
43.000,9,12.000,527.239,30.000
43.000,10,24.000,527.239,30.000
43.000,11,36.000,527.239,30.000
43.000,12,-12.000,527.239,30.000
43.000,13,-24.000,527.239,30.000
43.000,14,-36.000,527.239,30.000
43.500,0,0.000,533.384,30.000
43.500,1,0.000,546.910,30.000
43.500,2,0.000,558.167,30.000
43.500,3,0.000,569.937,30.000
43.500,4,0.000,583.862,30.000
43.500,5,0.000,521.384,30.000
43.500,6,0.000,509.384,30.000
43.500,7,0.000,497.384,30.000
43.500,8,0.000,485.384,30.000
43.500,9,12.000,533.384,30.000
43.500,10,24.000,533.384,30.000
43.500,11,36.000,533.384,30.000
43.500,12,-12.000,533.384,30.000
43.500,13,-24.000,533.384,30.000
43.500,14,-36.000,533.384,30.000
44.000,0,0.000,539.442,30.000
44.000,1,0.000,552.941,30.000
44.000,2,0.000,564.525,30.000
44.000,3,0.000,575.592,30.000
44.000,4,0.000,588.082,30.000
44.000,5,0.000,527.442,30.000
44.000,6,0.000,515.442,30.000
44.000,7,0.000,503.442,30.000
44.000,8,0.000,491.442,30.000
44.000,9,12.000,539.442,30.000
44.000,10,24.000,539.442,30.000
44.000,11,36.000,539.442,30.000
44.000,12,-12.000,539.442,30.000
44.000,13,-24.000,539.442,30.000
44.000,14,-36.000,539.442,30.000
44.500,0,0.000,545.395,30.000
44.500,1,0.000,558.964,30.000
44.500,2,0.000,571.232,30.000
44.500,3,0.000,582.199,30.000
44.500,4,0.000,592.869,30.000
44.500,5,0.000,533.395,30.000
44.500,6,0.000,521.395,30.000
44.500,7,0.000,509.395,30.000
44.500,8,0.000,497.395,30.000
44.500,9,12.000,545.395,30.000
44.500,10,24.000,545.395,30.000
44.500,11,36.000,545.395,30.000
44.500,12,-12.000,545.395,30.000
44.500,13,-24.000,545.395,30.000
44.500,14,-36.000,545.395,30.000
45.000,0,0.000,551.267,30.000
45.000,1,0.000,564.960,30.000
45.000,2,0.000,577.922,30.000
45.000,3,0.000,589.516,30.000
45.000,4,0.000,599.236,30.000
45.000,5,0.000,539.267,30.000
45.000,6,0.000,527.267,30.000
45.000,7,0.000,515.267,30.000
45.000,8,0.000,503.267,30.000
45.000,9,12.000,551.267,30.000
45.000,10,24.000,551.267,30.000
45.000,11,36.000,551.267,30.000
45.000,12,-12.000,551.267,30.000
45.000,13,-24.000,551.267,30.000
45.000,14,-36.000,551.267,30.000
45.500,0,0.000,557.106,30.000
45.500,1,0.000,570.919,30.000
45.500,2,0.000,584.271,30.000
45.500,3,0.000,596.343,30.000
45.500,4,0.000,606.736,30.000
45.500,5,0.000,545.106,30.000
45.500,6,0.000,533.106,30.000
45.500,7,0.000,521.106,30.000
45.500,8,0.000,509.106,30.000
45.500,9,12.000,557.106,30.000
45.500,10,24.000,557.106,30.000
45.500,11,36.000,557.106,30.000
45.500,12,-12.000,557.106,30.000
45.500,13,-24.000,557.106,30.000
45.500,14,-36.000,557.106,30.000
46.000,0,0.000,562.971,30.000
46.000,1,0.000,576.850,30.000
46.000,2,0.000,590.134,30.000
46.000,3,0.000,602.760,30.000
46.000,4,0.000,614.236,30.000
46.000,5,0.000,550.971,30.000
46.000,6,0.000,538.971,30.000
46.000,7,0.000,526.971,30.000
46.000,8,0.000,514.971,30.000
46.000,9,12.000,562.971,30.000
46.000,10,24.000,562.971,30.000
46.000,11,36.000,562.971,30.000
46.000,12,-12.000,562.971,30.000
46.000,13,-24.000,562.971,30.000
46.000,14,-36.000,562.971,30.000
46.500,0,0.000,568.910,30.000
46.500,1,0.000,582.780,30.000
46.500,2,0.000,595.589,30.000
46.500,3,0.000,608.535,30.000
46.500,4,0.000,621.398,30.000
46.500,5,0.000,556.910,30.000
46.500,6,0.000,544.910,30.000
46.500,7,0.000,532.910,30.000
46.500,8,0.000,520.910,30.000
46.500,9,12.000,568.910,30.000
46.500,10,24.000,568.910,30.000
46.500,11,36.000,568.910,30.000
46.500,12,-12.000,568.910,30.000
46.500,13,-24.000,568.910,30.000
46.500,14,-36.000,568.910,30.000
47.000,0,0.000,574.940,30.000
47.000,1,0.000,588.742,30.000
47.000,2,0.000,600.899,30.000
47.000,3,0.000,613.740,30.000
47.000,4,0.000,627.611,30.000
47.000,5,0.000,562.940,30.000
47.000,6,0.000,550.940,30.000
47.000,7,0.000,538.940,30.000
47.000,8,0.000,526.940,30.000
47.000,9,12.000,574.940,30.000
47.000,10,24.000,574.940,30.000
47.000,11,36.000,574.940,30.000
47.000,12,-12.000,574.940,30.000
47.000,13,-24.000,574.940,30.000
47.000,14,-36.000,574.940,30.000
47.500,0,0.000,581.047,30.000
47.500,1,0.000,594.758,30.000
47.500,2,0.000,606.397,30.000
47.500,3,0.000,618.712,30.000
47.500,4,0.000,632.761,30.000
47.500,5,0.000,569.047,30.000
47.500,6,0.000,557.047,30.000
47.500,7,0.000,545.047,30.000
47.500,8,0.000,533.047,30.000
47.500,9,12.000,581.047,30.000
47.500,10,24.000,581.047,30.000
47.500,11,36.000,581.047,30.000
47.500,12,-12.000,581.047,30.000
47.500,13,-24.000,581.047,30.000
47.500,14,-36.000,581.047,30.000
48.000,0,0.000,587.187,30.000
48.000,1,0.000,600.831,30.000
48.000,2,0.000,612.332,30.000
48.000,3,0.000,623.926,30.000
48.000,4,0.000,637.207,30.000
48.000,5,0.000,575.187,30.000
48.000,6,0.000,563.187,30.000
48.000,7,0.000,551.187,30.000
48.000,8,0.000,539.187,30.000
48.000,9,12.000,587.187,30.000
48.000,10,24.000,587.187,30.000
48.000,11,36.000,587.187,30.000
48.000,12,-12.000,587.187,30.000
48.000,13,-24.000,587.187,30.000
48.000,14,-36.000,587.187,30.000
48.500,0,0.000,593.310,30.000
48.500,1,0.000,606.936,30.000
48.500,2,0.000,618.732,30.000
48.500,3,0.000,629.821,30.000
48.500,4,0.000,641.644,30.000
48.500,5,0.000,581.310,30.000
48.500,6,0.000,569.310,30.000
48.500,7,0.000,557.310,30.000
48.500,8,0.000,545.310,30.000
48.500,9,12.000,593.310,30.000
48.500,10,24.000,593.310,30.000
48.500,11,36.000,593.310,30.000
48.500,12,-12.000,593.310,30.000
48.500,13,-24.000,593.310,30.000
48.500,14,-36.000,593.310,30.000
49.000,0,0.000,599.373,30.000
49.000,1,0.000,613.030,30.000
49.000,2,0.000,625.385,30.000
49.000,3,0.000,636.555,30.000
49.000,4,0.000,646.920,30.000
49.000,5,0.000,587.373,30.000
49.000,6,0.000,575.373,30.000
49.000,7,0.000,563.373,30.000
49.000,8,0.000,551.373,30.000
49.000,9,12.000,599.373,30.000
49.000,10,24.000,599.373,30.000
49.000,11,36.000,599.373,30.000
49.000,12,-12.000,599.373,30.000
49.000,13,-24.000,599.373,30.000
49.000,14,-36.000,599.373,30.000
